8

6 40 40

57 49 53 57 55 57 

0 12 17 16 0 0 0 0 0 0	0 12 18 48 0 0 0 0 0 0	0 12 19 48 0 0 0 0 0 0	0 12 20 48 0 0 0 0 0 0	0 12 21 48 0 0 0 0 0 0	0 12 22 16 0 0 0 0 0 0	0 12 23 48 0 0 0 0 0 0	0 12 24 48 0 0 0 0 0 0	0 12 25 48 0 0 0 0 0 0	0 12 26 48 0 0 0 0 0 0	0 12 27 16 0 0 0 0 0 0	0 13 17 24 0 0 0 0 0 0	0 13 22 26 1 1 1 1 1 27	0 13 27 18 0 0 0 0 0 0	0 14 17 24 0 0 0 0 0 0	0 14 22 26 0 0 0 0 0 0	0 14 27 18 0 0 0 0 0 0	0 15 17 24 0 0 0 0 0 0	0 15 22 26 0 0 0 0 0 0	0 15 27 18 0 0 0 0 0 0	0 16 17 24 0 0 0 0 0 0	0 16 22 26 0 0 0 0 0 0	0 16 27 18 0 0 0 0 0 0	0 17 17 16 0 0 0 0 0 0	0 17 18 53 1 1 1 4 1 1	0 17 19 53 0 0 0 0 0 0	0 17 20 53 0 0 0 0 0 0	0 17 21 53 0 0 0 0 0 0	0 17 22 16 0 0 0 0 0 0	0 17 23 52 0 0 0 0 0 0	0 17 24 52 0 0 0 0 0 0	0 17 25 52 0 0 0 0 0 0	0 17 26 52 0 0 0 0 0 0	0 17 27 16 0 0 0 0 0 0	0 18 17 24 0 0 0 0 0 0	0 18 22 27 0 0 0 0 0 0	0 18 27 18 0 0 0 0 0 0	0 19 17 24 0 0 0 0 0 0	0 19 22 27 0 0 0 0 0 0	0 19 27 18 0 0 0 0 0 0	0 20 17 24 0 0 0 0 0 0	0 20 22 27 0 0 0 0 0 0	0 20 27 18 0 0 0 0 0 0	0 21 17 24 0 0 0 0 0 0	0 21 22 27 0 0 0 0 0 0	0 21 27 18 0 0 0 0 0 0	0 22 17 16 0 0 0 0 0 0	0 22 18 20 1 1 1 4 1 18	0 22 19 20 0 0 0 0 0 0	0 22 20 20 0 0 0 0 0 0	0 22 21 20 0 0 0 0 0 0	0 22 22 16 0 0 0 0 0 0	0 22 23 20 1 1 1 4 1 18	0 22 24 20 0 0 0 0 0 0	0 22 25 20 0 0 0 0 0 0	0 22 26 20 0 0 0 0 0 0	0 22 27 16 0 0 0 0 0 0	
0 12 17 0 0 0 0 0 0 0	0 12 18 32 0 0 0 0 0 0	0 12 19 32 0 0 0 0 0 0	0 12 20 32 0 0 0 0 0 0	0 12 21 32 0 0 0 0 0 0	0 12 22 0 0 0 0 0 0 0	0 12 23 32 0 0 0 0 0 0	0 12 24 32 0 0 0 0 0 0	0 12 25 32 0 0 0 0 0 0	0 12 26 32 0 0 0 0 0 0	0 12 27 0 0 0 0 0 0 0	0 13 17 8 0 0 0 0 0 0	0 13 22 10 1 1 1 1 1 5	0 13 27 2 0 0 0 0 0 0	0 14 17 8 0 0 0 0 0 0	0 14 22 10 0 0 0 0 0 0	0 14 27 2 0 0 0 0 0 0	0 15 17 8 0 0 0 0 0 0	0 15 22 10 0 0 0 0 0 0	0 15 27 2 0 0 0 0 0 0	0 16 17 8 0 0 0 0 0 0	0 16 22 10 0 0 0 0 0 0	0 16 27 2 0 0 0 0 0 0	0 17 17 8 0 0 0 0 0 0	0 17 22 34 0 0 0 0 0 0	0 17 23 37 1 1 1 4 2 1	0 17 24 37 0 0 0 0 0 0	0 17 25 37 0 0 0 0 0 0	0 17 26 37 0 0 0 0 0 0	0 17 27 0 0 0 0 0 0 0	0 18 17 8 0 0 0 0 0 0	0 18 27 2 0 0 0 0 0 0	0 19 17 8 0 0 0 0 0 0	0 19 27 2 0 0 0 0 0 0	0 20 17 8 0 0 0 0 0 0	0 20 27 2 0 0 0 0 0 0	0 21 17 8 0 0 0 0 0 0	0 21 27 2 0 0 0 0 0 0	0 22 17 0 0 0 0 0 0 0	0 22 18 4 1 1 1 9 1 18	0 22 19 4 0 0 0 0 0 0	0 22 20 4 0 0 0 0 0 0	0 22 21 4 0 0 0 0 0 0	0 22 22 4 0 0 0 0 0 0	0 22 23 4 0 0 0 0 0 0	0 22 24 4 0 0 0 0 0 0	0 22 25 4 0 0 0 0 0 0	0 22 26 4 0 0 0 0 0 0	0 22 27 0 0 0 0 0 0 0	
0 12 17 0 1 18 13 1 3 1	0 12 18 32 1 1 13 22 3 1	0 12 19 32 0 0 0 0 0 0	0 12 20 32 0 0 0 0 0 0	0 12 21 32 0 0 0 0 0 0	0 12 22 0 0 0 0 0 0 0	0 12 23 32 0 0 0 0 0 0	0 12 24 32 0 0 0 0 0 0	0 12 25 32 0 0 0 0 0 0	0 12 26 32 0 0 0 0 0 0	0 12 27 0 0 0 0 0 0 0	0 13 17 8 1 18 1 1 3 27	0 13 22 10 0 0 0 0 0 0	0 13 27 2 1 1 1 13 3 27	0 14 17 8 0 0 0 0 0 0	0 14 22 10 0 0 0 0 0 0	0 14 27 2 0 0 0 0 0 0	0 15 17 8 0 0 0 0 0 0	0 15 22 10 0 0 0 0 0 0	0 15 27 2 0 0 0 0 0 0	0 16 17 8 0 0 0 0 0 0	0 16 22 10 0 0 0 0 0 0	0 16 27 2 0 0 0 0 0 0	0 17 17 0 0 0 0 0 0 0	0 17 18 52 1 1 1 4 1 1	0 17 19 52 0 0 0 0 0 0	0 17 20 52 0 0 0 0 0 0	0 17 21 52 0 0 0 0 0 0	0 17 22 8 0 0 0 0 0 0	0 17 27 2 0 0 0 0 0 0	0 18 17 8 0 0 0 0 0 0	0 18 22 26 0 0 0 0 0 0	0 18 27 2 0 0 0 0 0 0	0 19 17 8 0 0 0 0 0 0	0 19 22 26 0 0 0 0 0 0	0 19 27 2 0 0 0 0 0 0	0 20 17 8 0 0 0 0 0 0	0 20 22 26 0 0 0 0 0 0	0 20 27 2 0 0 0 0 0 0	0 21 17 8 0 0 0 0 0 0	0 21 22 26 0 0 0 0 0 0	0 21 27 2 0 0 0 0 0 0	0 22 17 0 0 0 0 0 0 0	0 22 18 4 1 1 1 4 1 18	0 22 19 4 0 0 0 0 0 0	0 22 20 4 0 0 0 0 0 0	0 22 21 4 0 0 0 0 0 0	0 22 22 0 0 0 0 0 0 0	0 22 23 4 1 1 1 4 1 18	0 22 24 4 0 0 0 0 0 0	0 22 25 4 0 0 0 0 0 0	0 22 26 4 0 0 0 0 0 0	0 22 27 0 0 0 0 0 0 0	
0 12 17 0 0 0 0 0 0 0	0 12 18 32 0 0 0 0 0 0	0 12 19 32 0 0 0 0 0 0	0 12 20 32 0 0 0 0 0 0	0 12 21 32 0 0 0 0 0 0	0 12 22 0 0 0 0 0 0 0	0 12 23 32 0 0 0 0 0 0	0 12 24 32 0 0 0 0 0 0	0 12 25 32 0 0 0 0 0 0	0 12 26 32 0 0 0 0 0 0	0 12 27 0 0 0 0 0 0 0	0 13 17 8 0 0 0 0 0 0	0 13 22 10 1 1 1 1 2 27	0 13 27 2 0 0 0 0 0 0	0 14 17 8 0 0 0 0 0 0	0 14 22 10 0 0 0 0 0 0	0 14 27 2 0 0 0 0 0 0	0 15 17 8 0 0 0 0 0 0	0 15 22 10 0 0 0 0 0 0	0 15 27 2 0 0 0 0 0 0	0 16 17 8 0 0 0 0 0 0	0 16 22 10 0 0 0 0 0 0	0 16 27 2 0 0 0 0 0 0	0 17 17 0 0 0 0 0 0 0	0 17 18 36 0 0 0 0 0 0	0 17 19 36 0 0 0 0 0 0	0 17 20 36 0 0 0 0 0 0	0 17 21 36 0 0 0 0 0 0	0 17 22 0 0 0 0 0 0 0	0 17 23 52 0 0 0 0 0 0	0 17 24 52 0 0 0 0 0 0	0 17 25 52 0 0 0 0 0 0	0 17 26 52 0 0 0 0 0 0	0 17 27 0 0 0 0 0 0 0	0 18 17 8 0 0 0 0 0 0	0 18 22 10 0 0 0 0 0 0	0 18 27 2 0 0 0 0 0 0	0 19 17 8 0 0 0 0 0 0	0 19 22 11 0 0 0 0 0 0	0 19 27 2 0 0 0 0 0 0	0 20 17 8 0 0 0 0 0 0	0 20 22 11 0 0 0 0 0 0	0 20 27 2 0 0 0 0 0 0	0 21 17 8 0 0 0 0 0 0	0 21 22 10 0 0 0 0 0 0	0 21 27 2 0 0 0 0 0 0	0 22 17 0 0 0 0 0 0 0	0 22 18 4 0 0 0 0 0 0	0 22 19 4 0 0 0 0 0 0	0 22 20 4 0 0 0 0 0 0	0 22 21 4 0 0 0 0 0 0	0 22 22 0 0 0 0 0 0 0	0 22 23 4 0 0 0 0 0 0	0 22 24 4 0 0 0 0 0 0	0 22 25 4 0 0 0 0 0 0	0 22 26 4 0 0 0 0 0 0	0 22 27 0 0 0 0 0 0 0	
0 12 17 0 0 0 0 0 0 0	0 12 18 32 0 0 0 0 0 0	0 12 19 32 0 0 0 0 0 0	0 12 20 32 0 0 0 0 0 0	0 12 21 32 0 0 0 0 0 0	0 12 22 0 0 0 0 0 0 0	0 12 23 32 0 0 0 0 0 0	0 12 24 32 0 0 0 0 0 0	0 12 25 32 0 0 0 0 0 0	0 12 26 32 0 0 0 0 0 0	0 12 27 0 0 0 0 0 0 0	0 13 17 8 0 0 0 0 0 0	0 13 22 10 1 1 1 1 1 6	0 13 27 2 0 0 0 0 0 0	0 14 17 8 0 0 0 0 0 0	0 14 22 10 0 0 0 0 0 0	0 14 27 2 0 0 0 0 0 0	0 15 17 8 0 0 0 0 0 0	0 15 22 10 0 0 0 0 0 0	0 15 27 2 0 0 0 0 0 0	0 16 17 8 0 0 0 0 0 0	0 16 22 10 0 0 0 0 0 0	0 16 27 2 0 0 0 0 0 0	0 17 17 0 0 0 0 0 0 0	0 17 18 36 0 0 0 0 0 0	0 17 19 36 0 0 0 0 0 0	0 17 20 36 0 0 0 0 0 0	0 17 21 36 0 0 0 0 0 0	0 17 22 0 0 0 0 0 0 0	0 17 23 36 0 0 0 0 0 0	0 17 24 36 0 0 0 0 0 0	0 17 25 36 0 0 0 0 0 0	0 17 26 36 0 0 0 0 0 0	0 17 27 0 0 0 0 0 0 0	0 18 17 8 0 0 0 0 0 0	0 18 22 42 0 0 0 0 0 0	0 18 27 2 0 0 0 0 0 0	0 19 17 8 0 0 0 0 0 0	0 19 27 2 0 0 0 0 0 0	0 20 17 8 0 0 0 0 0 0	0 20 27 2 0 0 0 0 0 0	0 21 17 8 0 0 0 0 0 0	0 21 22 14 1 1 1 1 1 19	0 21 27 2 0 0 0 0 0 0	0 22 17 0 0 0 0 0 0 0	0 22 18 4 0 0 0 0 0 0	0 22 19 4 0 0 0 0 0 0	0 22 20 4 0 0 0 0 0 0	0 22 21 4 0 0 0 0 0 0	0 22 22 0 0 0 0 0 0 0	0 22 23 4 0 0 0 0 0 0	0 22 24 4 0 0 0 0 0 0	0 22 25 4 0 0 0 0 0 0	0 22 26 4 0 0 0 0 0 0	0 22 27 0 0 0 0 0 0 0	
0 12 17 1 1 18 13 1 3 1	0 12 18 33 1 1 13 22 3 1	0 12 19 33 0 0 0 0 0 0	0 12 20 33 0 0 0 0 0 0	0 12 21 33 0 0 0 0 0 0	0 12 22 1 0 0 0 0 0 0	0 12 23 33 0 0 0 0 0 0	0 12 24 33 0 0 0 0 0 0	0 12 25 33 0 0 0 0 0 0	0 12 26 33 0 0 0 0 0 0	0 12 27 1 0 0 0 0 0 0	0 13 17 9 1 18 1 1 3 27	0 13 22 11 1 1 1 1 1 27	0 13 27 3 1 1 1 13 3 27	0 14 17 9 0 0 0 0 0 0	0 14 22 11 0 0 0 0 0 0	0 14 27 3 0 0 0 0 0 0	0 15 17 9 0 0 0 0 0 0	0 15 22 11 0 0 0 0 0 0	0 15 27 3 0 0 0 0 0 0	0 16 17 9 0 0 0 0 0 0	0 16 22 11 0 0 0 0 0 0	0 16 27 3 0 0 0 0 0 0	0 17 17 1 0 0 0 0 0 0	0 17 18 37 1 1 1 4 3 1	0 17 19 37 0 0 0 0 0 0	0 17 20 37 0 0 0 0 0 0	0 17 21 37 0 0 0 0 0 0	0 17 22 1 0 0 0 0 0 0	0 17 23 37 1 1 1 4 3 1	0 17 24 37 0 0 0 0 0 0	0 17 25 37 0 0 0 0 0 0	0 17 26 37 0 0 0 0 0 0	0 17 27 1 0 0 0 0 0 0	0 18 17 9 0 0 0 0 0 0	0 18 22 11 0 0 0 0 0 0	0 18 27 3 0 0 0 0 0 0	0 19 17 9 0 0 0 0 0 0	0 19 22 27 0 0 0 0 0 0	0 19 27 3 0 0 0 0 0 0	0 20 17 9 0 0 0 0 0 0	0 20 22 27 0 0 0 0 0 0	0 20 27 3 0 0 0 0 0 0	0 21 17 9 0 0 0 0 0 0	0 21 22 11 0 0 0 0 0 0	0 21 27 3 0 0 0 0 0 0	0 22 17 1 0 0 0 0 0 0	0 22 18 5 1 1 1 4 3 18	0 22 19 5 0 0 0 0 0 0	0 22 20 5 0 0 0 0 0 0	0 22 21 5 0 0 0 0 0 0	0 22 22 1 0 0 0 0 0 0	0 22 23 5 1 1 1 4 3 18	0 22 24 5 0 0 0 0 0 0	0 22 25 5 0 0 0 0 0 0	0 22 26 5 0 0 0 0 0 0	0 22 27 1 0 0 0 0 0 0	
