8

8 40 40

26 30 26 30 26 30 26 26 

0 16 16 16 0 0 0 0 0 0	0 16 17 48 0 0 0 0 0 0	0 16 18 48 0 0 0 0 0 0	0 16 19 48 0 0 0 0 0 0	0 16 20 48 0 0 0 0 0 0	0 16 21 48 0 0 0 0 0 0	0 16 22 48 0 0 0 0 0 0	0 16 23 16 0 0 0 0 0 0	0 17 16 24 0 0 0 0 0 0	0 17 23 18 0 0 0 0 0 0	0 18 16 24 0 0 0 0 0 0	0 18 23 18 0 0 0 0 0 0	0 19 16 24 0 0 0 0 0 0	0 19 23 18 0 0 0 0 0 0	0 20 16 24 0 0 0 0 0 0	0 20 23 18 0 0 0 0 0 0	0 21 16 24 0 0 0 0 0 0	0 21 23 18 0 0 0 0 0 0	0 22 16 16 0 0 0 0 0 0	0 22 17 20 0 0 0 0 0 0	0 22 18 20 0 0 0 0 0 0	0 22 19 20 0 0 0 0 0 0	0 22 20 20 0 0 0 0 0 0	0 22 21 20 0 0 0 0 0 0	0 22 22 20 0 0 0 0 0 0	0 22 23 16 0 0 0 0 0 0	
0 16 16 0 1 17 17 1 2 1	0 16 17 32 1 1 17 23 2 1	0 16 18 32 0 0 0 0 0 0	0 16 19 32 0 0 0 0 0 0	0 16 20 32 0 0 0 0 0 0	0 16 21 32 0 0 0 0 0 0	0 16 22 32 0 0 0 0 0 0	0 16 23 0 0 0 0 0 0 0	0 17 16 8 1 17 1 1 2 23	0 17 23 2 1 1 1 17 2 23	0 18 16 8 0 0 0 0 0 0	20 18 18 63 1 1 1 1 1 1	24 18 21 63 1 1 1 1 1 1	0 18 23 2 0 0 0 0 0 0	0 19 16 8 0 0 0 0 0 0	0 19 23 2 0 0 0 0 0 0	0 20 16 8 0 0 0 0 0 0	17 20 19 63 1 1 1 1 1 1	18 20 21 63 1 1 1 1 1 1	0 20 23 2 0 0 0 0 0 0	0 21 16 8 0 0 0 0 0 0	0 21 23 2 0 0 0 0 0 0	0 22 16 0 0 0 0 0 0 0	0 22 17 4 1 1 1 23 2 18	0 22 18 4 0 0 0 0 0 0	0 22 19 4 0 0 0 0 0 0	0 22 20 4 0 0 0 0 0 0	0 22 21 4 0 0 0 0 0 0	0 22 22 4 0 0 0 0 0 0	0 22 23 0 0 0 0 0 0 0	
0 16 16 0 0 0 0 0 0 0	0 16 17 32 0 0 0 0 0 0	0 16 18 32 0 0 0 0 0 0	0 16 19 32 0 0 0 0 0 0	0 16 20 32 0 0 0 0 0 0	0 16 21 32 0 0 0 0 0 0	0 16 22 32 0 0 0 0 0 0	0 16 23 0 0 0 0 0 0 0	0 17 16 8 0 0 0 0 0 0	0 17 23 2 0 0 0 0 0 0	0 18 16 8 0 0 0 0 0 0	0 18 23 2 0 0 0 0 0 0	0 19 16 8 0 0 0 0 0 0	0 19 23 2 0 0 0 0 0 0	0 20 16 8 0 0 0 0 0 0	0 20 23 2 0 0 0 0 0 0	0 21 16 8 0 0 0 0 0 0	0 21 23 2 0 0 0 0 0 0	0 22 16 0 0 0 0 0 0 0	0 22 17 4 0 0 0 0 0 0	0 22 18 4 0 0 0 0 0 0	0 22 19 4 0 0 0 0 0 0	0 22 20 4 0 0 0 0 0 0	0 22 21 4 0 0 0 0 0 0	0 22 22 4 0 0 0 0 0 0	0 22 23 0 0 0 0 0 0 0	
0 16 16 0 0 0 0 0 0 0	0 16 17 32 0 0 0 0 0 0	0 16 18 32 0 0 0 0 0 0	0 16 19 32 0 0 0 0 0 0	0 16 20 32 0 0 0 0 0 0	0 16 21 32 0 0 0 0 0 0	0 16 22 32 0 0 0 0 0 0	0 16 23 0 0 0 0 0 0 0	0 17 16 8 0 0 0 0 0 0	0 17 23 2 0 0 0 0 0 0	0 18 16 8 0 0 0 0 0 0	72 18 18 63 1 1 1 1 1 1	66 18 20 63 1 1 1 1 1 1	0 18 23 2 0 0 0 0 0 0	0 19 16 8 0 0 0 0 0 0	0 19 23 2 0 0 0 0 0 0	0 20 16 8 0 0 0 0 0 0	68 20 19 63 1 1 1 1 1 1	65 20 21 63 1 1 1 1 1 1	0 20 23 2 0 0 0 0 0 0	0 21 16 8 0 0 0 0 0 0	0 21 23 2 0 0 0 0 0 0	0 22 16 0 0 0 0 0 0 0	0 22 17 4 0 0 0 0 0 0	0 22 18 4 0 0 0 0 0 0	0 22 19 4 0 0 0 0 0 0	0 22 20 4 0 0 0 0 0 0	0 22 21 4 0 0 0 0 0 0	0 22 22 4 0 0 0 0 0 0	0 22 23 0 0 0 0 0 0 0	
0 16 16 0 1 17 17 1 3 1	0 16 17 32 1 1 17 23 3 1	0 16 18 32 0 0 0 0 0 0	0 16 19 32 0 0 0 0 0 0	0 16 20 32 0 0 0 0 0 0	0 16 21 32 0 0 0 0 0 0	0 16 22 32 0 0 0 0 0 0	0 16 23 0 0 0 0 0 0 0	0 17 16 8 1 17 1 1 3 23	0 17 23 2 1 1 1 17 3 23	0 18 16 8 0 0 0 0 0 0	0 18 23 2 0 0 0 0 0 0	0 19 16 8 0 0 0 0 0 0	0 19 23 2 0 0 0 0 0 0	0 20 16 8 0 0 0 0 0 0	0 20 23 2 0 0 0 0 0 0	0 21 16 8 0 0 0 0 0 0	0 21 23 2 0 0 0 0 0 0	0 22 16 0 0 0 0 0 0 0	0 22 17 4 1 1 1 23 3 18	0 22 18 4 0 0 0 0 0 0	0 22 19 4 0 0 0 0 0 0	0 22 20 4 0 0 0 0 0 0	0 22 21 4 0 0 0 0 0 0	0 22 22 4 0 0 0 0 0 0	0 22 23 0 0 0 0 0 0 0	
0 16 16 0 0 0 0 0 0 0	0 16 17 32 0 0 0 0 0 0	0 16 18 32 0 0 0 0 0 0	0 16 19 32 0 0 0 0 0 0	0 16 20 32 0 0 0 0 0 0	0 16 21 32 0 0 0 0 0 0	0 16 22 32 0 0 0 0 0 0	0 16 23 0 0 0 0 0 0 0	0 17 16 8 0 0 0 0 0 0	0 17 23 2 0 0 0 0 0 0	0 18 16 8 0 0 0 0 0 0	36 18 19 63 1 1 1 1 1 1	40 18 21 63 1 1 1 1 1 1	0 18 23 2 0 0 0 0 0 0	0 19 16 8 0 0 0 0 0 0	0 19 23 2 0 0 0 0 0 0	0 20 16 8 0 0 0 0 0 0	33 20 19 63 1 1 1 1 1 1	34 20 21 63 1 1 1 1 1 1	0 20 23 2 0 0 0 0 0 0	0 21 16 8 0 0 0 0 0 0	0 21 23 2 0 0 0 0 0 0	0 22 16 0 0 0 0 0 0 0	0 22 17 4 0 0 0 0 0 0	0 22 18 4 0 0 0 0 0 0	0 22 19 4 0 0 0 0 0 0	0 22 20 4 0 0 0 0 0 0	0 22 21 4 0 0 0 0 0 0	0 22 22 4 0 0 0 0 0 0	0 22 23 0 0 0 0 0 0 0	
0 16 16 0 0 0 0 0 0 0	0 16 17 32 0 0 0 0 0 0	0 16 18 32 0 0 0 0 0 0	0 16 19 32 0 0 0 0 0 0	0 16 20 32 0 0 0 0 0 0	0 16 21 32 0 0 0 0 0 0	0 16 22 32 0 0 0 0 0 0	0 16 23 0 0 0 0 0 0 0	0 17 16 8 0 0 0 0 0 0	0 17 23 2 0 0 0 0 0 0	0 18 16 8 0 0 0 0 0 0	0 18 23 2 0 0 0 0 0 0	0 19 16 8 0 0 0 0 0 0	0 19 23 2 0 0 0 0 0 0	0 20 16 8 0 0 0 0 0 0	0 20 23 2 0 0 0 0 0 0	0 21 16 8 0 0 0 0 0 0	0 21 23 2 0 0 0 0 0 0	0 22 16 0 0 0 0 0 0 0	0 22 17 4 0 0 0 0 0 0	0 22 18 4 0 0 0 0 0 0	0 22 19 4 0 0 0 0 0 0	0 22 20 4 0 0 0 0 0 0	0 22 21 4 0 0 0 0 0 0	0 22 22 4 0 0 0 0 0 0	0 22 23 0 0 0 0 0 0 0	
0 16 16 1 1 17 17 1 3 1	0 16 17 33 1 1 17 23 3 1	0 16 18 33 0 0 0 0 0 0	0 16 19 33 0 0 0 0 0 0	0 16 20 33 0 0 0 0 0 0	0 16 21 33 0 0 0 0 0 0	0 16 22 33 0 0 0 0 0 0	0 16 23 1 0 0 0 0 0 0	0 17 16 9 1 17 1 1 3 23	0 17 23 3 1 1 1 17 3 23	0 18 16 9 0 0 0 0 0 0	0 18 23 3 0 0 0 0 0 0	0 19 16 9 0 0 0 0 0 0	0 19 23 3 0 0 0 0 0 0	0 20 16 9 0 0 0 0 0 0	0 20 23 3 0 0 0 0 0 0	0 21 16 9 0 0 0 0 0 0	0 21 23 3 0 0 0 0 0 0	0 22 16 1 0 0 0 0 0 0	0 22 17 5 1 1 1 23 3 18	0 22 18 5 0 0 0 0 0 0	0 22 19 5 0 0 0 0 0 0	0 22 20 5 0 0 0 0 0 0	0 22 21 5 0 0 0 0 0 0	0 22 22 5 0 0 0 0 0 0	0 22 23 1 0 0 0 0 0 0	
