8

6 40 40

57 49 53 57 55 57 

0 12 12 16 0 0 0 0 0 0	0 12 13 48 0 0 0 0 0 0	0 12 14 48 0 0 0 0 0 0	0 12 15 48 0 0 0 0 0 0	0 12 16 48 0 0 0 0 0 0	0 12 17 16 0 0 0 0 0 0	0 12 18 48 0 0 0 0 0 0	0 12 19 48 0 0 0 0 0 0	0 12 20 48 0 0 0 0 0 0	0 12 21 48 0 0 0 0 0 0	0 12 22 16 0 0 0 0 0 0	0 13 12 24 0 0 0 0 0 0	0 13 17 26 1 1 1 1 1 27	0 13 22 18 0 0 0 0 0 0	0 14 12 24 0 0 0 0 0 0	0 14 17 26 0 0 0 0 0 0	0 14 22 18 0 0 0 0 0 0	0 15 12 24 0 0 0 0 0 0	0 15 17 26 0 0 0 0 0 0	0 15 22 18 0 0 0 0 0 0	0 16 12 24 0 0 0 0 0 0	0 16 17 26 0 0 0 0 0 0	0 16 22 18 0 0 0 0 0 0	0 17 12 16 0 0 0 0 0 0	0 17 13 52 1 1 1 27 1 1	0 17 14 52 0 0 0 0 0 0	0 17 15 52 0 0 0 0 0 0	0 17 16 52 0 0 0 0 0 0	0 17 17 16 0 0 0 0 0 0	0 17 18 53 0 0 0 0 0 0	0 17 19 53 0 0 0 0 0 0	0 17 20 53 0 0 0 0 0 0	0 17 21 53 0 0 0 0 0 0	0 17 22 16 0 0 0 0 0 0	0 18 12 24 0 0 0 0 0 0	0 18 17 27 0 0 0 0 0 0	0 18 22 18 0 0 0 0 0 0	0 19 12 24 0 0 0 0 0 0	0 19 17 27 0 0 0 0 0 0	0 19 22 18 0 0 0 0 0 0	0 20 12 24 0 0 0 0 0 0	0 20 17 27 0 0 0 0 0 0	0 20 22 18 0 0 0 0 0 0	0 21 12 24 0 0 0 0 0 0	0 21 17 27 0 0 0 0 0 0	0 21 22 18 0 0 0 0 0 0	0 22 12 16 0 0 0 0 0 0	0 22 13 20 0 0 0 0 0 0	0 22 14 20 0 0 0 0 0 0	0 22 15 20 0 0 0 0 0 0	0 22 16 20 0 0 0 0 0 0	0 22 17 16 0 0 0 0 0 0	0 22 18 20 0 0 0 0 0 0	0 22 19 20 0 0 0 0 0 0	0 22 20 20 0 0 0 0 0 0	0 22 21 20 0 0 0 0 0 0	0 22 22 16 0 0 0 0 0 0	
0 12 12 0 0 0 0 0 0 0	0 12 13 32 0 0 0 0 0 0	0 12 14 32 0 0 0 0 0 0	0 12 15 32 0 0 0 0 0 0	0 12 16 32 0 0 0 0 0 0	0 12 17 0 0 0 0 0 0 0	0 12 18 32 0 0 0 0 0 0	0 12 19 32 0 0 0 0 0 0	0 12 20 32 0 0 0 0 0 0	0 12 21 32 0 0 0 0 0 0	0 12 22 0 0 0 0 0 0 0	0 13 12 8 0 0 0 0 0 0	0 13 17 10 1 1 1 1 1 5	0 13 22 2 0 0 0 0 0 0	0 14 12 8 0 0 0 0 0 0	0 14 17 10 0 0 0 0 0 0	0 14 22 2 0 0 0 0 0 0	0 15 12 8 0 0 0 0 0 0	0 15 17 10 0 0 0 0 0 0	0 15 22 2 0 0 0 0 0 0	0 16 12 8 0 0 0 0 0 0	0 16 17 10 0 0 0 0 0 0	0 16 22 2 0 0 0 0 0 0	0 17 12 0 0 0 0 0 0 0	0 17 13 37 1 1 1 5 1 1	0 17 14 37 0 0 0 0 0 0	0 17 15 37 0 0 0 0 0 0	0 17 16 37 0 0 0 0 0 0	0 17 17 40 0 0 0 0 0 0	0 17 22 2 0 0 0 0 0 0	0 18 12 8 0 0 0 0 0 0	0 18 22 2 0 0 0 0 0 0	0 19 12 8 0 0 0 0 0 0	0 19 22 2 0 0 0 0 0 0	0 20 12 8 0 0 0 0 0 0	0 20 22 2 0 0 0 0 0 0	0 21 12 8 0 0 0 0 0 0	0 21 22 2 0 0 0 0 0 0	0 22 12 0 0 0 0 0 0 0	0 22 13 4 0 0 0 0 0 0	0 22 14 4 0 0 0 0 0 0	0 22 15 4 0 0 0 0 0 0	0 22 16 4 0 0 0 0 0 0	0 22 17 4 0 0 0 0 0 0	0 22 18 4 0 0 0 0 0 0	0 22 19 4 0 0 0 0 0 0	0 22 20 4 0 0 0 0 0 0	0 22 21 4 0 0 0 0 0 0	0 22 22 0 0 0 0 0 0 0	
0 12 12 0 1 13 13 1 3 1	0 12 13 32 1 1 13 27 3 1	0 12 14 32 0 0 0 0 0 0	0 12 15 32 0 0 0 0 0 0	0 12 16 32 0 0 0 0 0 0	0 12 17 0 0 0 0 0 0 0	0 12 18 32 0 0 0 0 0 0	0 12 19 32 0 0 0 0 0 0	0 12 20 32 0 0 0 0 0 0	0 12 21 32 0 0 0 0 0 0	0 12 22 0 0 0 0 0 0 0	0 13 12 8 1 13 1 1 3 27	0 13 17 10 0 0 0 0 0 0	0 13 22 2 1 1 1 18 3 27	0 14 12 8 0 0 0 0 0 0	0 14 17 10 0 0 0 0 0 0	0 14 22 2 0 0 0 0 0 0	0 15 12 8 0 0 0 0 0 0	0 15 17 10 0 0 0 0 0 0	0 15 22 2 0 0 0 0 0 0	0 16 12 8 0 0 0 0 0 0	0 16 17 10 0 0 0 0 0 0	0 16 22 2 0 0 0 0 0 0	0 17 12 8 0 0 0 0 0 0	0 17 17 2 0 0 0 0 0 0	0 17 18 52 1 1 1 22 1 1	0 17 19 52 0 0 0 0 0 0	0 17 20 52 0 0 0 0 0 0	0 17 21 52 0 0 0 0 0 0	0 17 22 0 0 0 0 0 0 0	0 18 12 8 0 0 0 0 0 0	0 18 17 26 0 0 0 0 0 0	0 18 22 2 0 0 0 0 0 0	0 19 12 8 0 0 0 0 0 0	0 19 17 26 0 0 0 0 0 0	0 19 22 2 0 0 0 0 0 0	0 20 12 8 0 0 0 0 0 0	0 20 17 26 0 0 0 0 0 0	0 20 22 2 0 0 0 0 0 0	0 21 12 8 0 0 0 0 0 0	0 21 17 26 0 0 0 0 0 0	0 21 22 2 0 0 0 0 0 0	0 22 12 0 0 0 0 0 0 0	0 22 13 4 1 1 1 27 3 18	0 22 14 4 0 0 0 0 0 0	0 22 15 4 0 0 0 0 0 0	0 22 16 4 0 0 0 0 0 0	0 22 17 0 0 0 0 0 0 0	0 22 18 4 0 0 0 0 0 0	0 22 19 4 0 0 0 0 0 0	0 22 20 4 0 0 0 0 0 0	0 22 21 4 0 0 0 0 0 0	0 22 22 0 0 0 0 0 0 0	
0 12 12 0 0 0 0 0 0 0	0 12 13 32 0 0 0 0 0 0	0 12 14 32 0 0 0 0 0 0	0 12 15 32 0 0 0 0 0 0	0 12 16 32 0 0 0 0 0 0	0 12 17 0 0 0 0 0 0 0	0 12 18 32 0 0 0 0 0 0	0 12 19 32 0 0 0 0 0 0	0 12 20 32 0 0 0 0 0 0	0 12 21 32 0 0 0 0 0 0	0 12 22 0 0 0 0 0 0 0	0 13 12 8 0 0 0 0 0 0	0 13 17 10 1 1 1 1 2 27	0 13 22 2 0 0 0 0 0 0	0 14 12 8 0 0 0 0 0 0	0 14 17 10 0 0 0 0 0 0	0 14 22 2 0 0 0 0 0 0	0 15 12 8 0 0 0 0 0 0	0 15 17 10 0 0 0 0 0 0	0 15 22 2 0 0 0 0 0 0	0 16 12 8 0 0 0 0 0 0	0 16 17 10 0 0 0 0 0 0	0 16 22 2 0 0 0 0 0 0	0 17 12 0 0 0 0 0 0 0	0 17 13 52 0 0 0 0 0 0	0 17 14 52 0 0 0 0 0 0	0 17 15 52 0 0 0 0 0 0	0 17 16 52 0 0 0 0 0 0	0 17 17 0 0 0 0 0 0 0	0 17 18 36 0 0 0 0 0 0	0 17 19 36 0 0 0 0 0 0	0 17 20 36 0 0 0 0 0 0	0 17 21 36 0 0 0 0 0 0	0 17 22 0 0 0 0 0 0 0	0 18 12 8 0 0 0 0 0 0	0 18 17 10 0 0 0 0 0 0	0 18 22 2 0 0 0 0 0 0	0 19 12 8 0 0 0 0 0 0	0 19 17 11 0 0 0 0 0 0	0 19 22 2 0 0 0 0 0 0	0 20 12 8 0 0 0 0 0 0	0 20 17 11 0 0 0 0 0 0	0 20 22 2 0 0 0 0 0 0	0 21 12 8 0 0 0 0 0 0	0 21 17 10 0 0 0 0 0 0	0 21 22 2 0 0 0 0 0 0	0 22 12 0 0 0 0 0 0 0	0 22 13 4 0 0 0 0 0 0	0 22 14 4 0 0 0 0 0 0	0 22 15 4 0 0 0 0 0 0	0 22 16 4 0 0 0 0 0 0	0 22 17 0 0 0 0 0 0 0	0 22 18 4 0 0 0 0 0 0	0 22 19 4 0 0 0 0 0 0	0 22 20 4 0 0 0 0 0 0	0 22 21 4 0 0 0 0 0 0	0 22 22 0 0 0 0 0 0 0	
0 12 12 0 0 0 0 0 0 0	0 12 13 32 0 0 0 0 0 0	0 12 14 32 0 0 0 0 0 0	0 12 15 32 0 0 0 0 0 0	0 12 16 32 0 0 0 0 0 0	0 12 17 0 0 0 0 0 0 0	0 12 18 32 0 0 0 0 0 0	0 12 19 32 0 0 0 0 0 0	0 12 20 32 0 0 0 0 0 0	0 12 21 32 0 0 0 0 0 0	0 12 22 0 0 0 0 0 0 0	0 13 12 8 0 0 0 0 0 0	0 13 17 10 1 1 1 1 1 6	0 13 22 2 0 0 0 0 0 0	0 14 12 8 0 0 0 0 0 0	0 14 17 10 0 0 0 0 0 0	0 14 22 2 0 0 0 0 0 0	0 15 12 8 0 0 0 0 0 0	0 15 17 10 0 0 0 0 0 0	0 15 22 2 0 0 0 0 0 0	0 16 12 8 0 0 0 0 0 0	0 16 17 10 0 0 0 0 0 0	0 16 22 2 0 0 0 0 0 0	0 17 12 0 0 0 0 0 0 0	0 17 13 36 0 0 0 0 0 0	0 17 14 36 0 0 0 0 0 0	0 17 15 36 0 0 0 0 0 0	0 17 16 36 0 0 0 0 0 0	0 17 17 0 0 0 0 0 0 0	0 17 18 36 0 0 0 0 0 0	0 17 19 36 0 0 0 0 0 0	0 17 20 36 0 0 0 0 0 0	0 17 21 36 0 0 0 0 0 0	0 17 22 0 0 0 0 0 0 0	0 18 12 8 0 0 0 0 0 0	0 18 17 42 0 0 0 0 0 0	0 18 22 2 0 0 0 0 0 0	0 19 12 8 0 0 0 0 0 0	0 19 22 2 0 0 0 0 0 0	0 20 12 8 0 0 0 0 0 0	0 20 22 2 0 0 0 0 0 0	0 21 12 8 0 0 0 0 0 0	0 21 17 14 1 1 1 1 1 19	0 21 22 2 0 0 0 0 0 0	0 22 12 0 0 0 0 0 0 0	0 22 13 4 0 0 0 0 0 0	0 22 14 4 0 0 0 0 0 0	0 22 15 4 0 0 0 0 0 0	0 22 16 4 0 0 0 0 0 0	0 22 17 0 0 0 0 0 0 0	0 22 18 4 0 0 0 0 0 0	0 22 19 4 0 0 0 0 0 0	0 22 20 4 0 0 0 0 0 0	0 22 21 4 0 0 0 0 0 0	0 22 22 0 0 0 0 0 0 0	
0 12 12 1 1 13 13 1 3 1	0 12 13 33 1 1 13 27 3 1	0 12 14 33 0 0 0 0 0 0	0 12 15 33 0 0 0 0 0 0	0 12 16 33 0 0 0 0 0 0	0 12 17 1 0 0 0 0 0 0	0 12 18 33 0 0 0 0 0 0	0 12 19 33 0 0 0 0 0 0	0 12 20 33 0 0 0 0 0 0	0 12 21 33 0 0 0 0 0 0	0 12 22 1 0 0 0 0 0 0	0 13 12 9 1 13 1 1 3 27	0 13 17 11 1 1 1 1 1 27	0 13 22 3 1 1 1 18 3 27	0 14 12 9 0 0 0 0 0 0	0 14 17 11 0 0 0 0 0 0	0 14 22 3 0 0 0 0 0 0	0 15 12 9 0 0 0 0 0 0	0 15 17 11 0 0 0 0 0 0	0 15 22 3 0 0 0 0 0 0	0 16 12 9 0 0 0 0 0 0	0 16 17 11 0 0 0 0 0 0	0 16 22 3 0 0 0 0 0 0	0 17 12 1 0 0 0 0 0 0	0 17 13 37 1 1 1 27 3 1	0 17 14 37 0 0 0 0 0 0	0 17 15 37 0 0 0 0 0 0	0 17 16 37 0 0 0 0 0 0	0 17 17 1 0 0 0 0 0 0	0 17 18 37 0 0 0 0 0 0	0 17 19 37 0 0 0 0 0 0	0 17 20 37 0 0 0 0 0 0	0 17 21 37 0 0 0 0 0 0	0 17 22 1 0 0 0 0 0 0	0 18 12 9 0 0 0 0 0 0	0 18 17 11 0 0 0 0 0 0	0 18 22 3 0 0 0 0 0 0	0 19 12 9 0 0 0 0 0 0	0 19 17 27 0 0 0 0 0 0	0 19 22 3 0 0 0 0 0 0	0 20 12 9 0 0 0 0 0 0	0 20 17 27 0 0 0 0 0 0	0 20 22 3 0 0 0 0 0 0	0 21 12 9 0 0 0 0 0 0	0 21 17 11 0 0 0 0 0 0	0 21 22 3 0 0 0 0 0 0	0 22 12 1 0 0 0 0 0 0	0 22 13 5 1 1 1 27 3 18	0 22 14 5 0 0 0 0 0 0	0 22 15 5 0 0 0 0 0 0	0 22 16 5 0 0 0 0 0 0	0 22 17 1 0 0 0 0 0 0	0 22 18 5 0 0 0 0 0 0	0 22 19 5 0 0 0 0 0 0	0 22 20 5 0 0 0 0 0 0	0 22 21 5 0 0 0 0 0 0	0 22 22 1 0 0 0 0 0 0	
