82 34 36

84 20 20 20 20 20 20 20 20 20 20 105 49 53 57 55 57 57 57 57 57 57 57 57 57 57 57 57 57 57 57 57 57 57 57 57 57 57 57 57 57 57 57 57 57 57 57 57 57 57 57 57 57 57 57 57 57 57 57 57 57 57 57 57 57 57 57 57 57 57 57 57 57 57 57 57 57 57 57 57 57 57 

13 12 16 1 13 14 1 1 1	13 13 16 1 1 14 23 1 1	13 14 16 0 0 0 0 0 0	13 15 16 0 0 0 0 0 0	13 16 16 0 0 0 0 0 0	13 17 16 0 0 0 0 0 0	13 18 16 0 0 0 0 0 0	13 19 16 0 0 0 0 0 0	13 20 16 0 0 0 0 0 0	13 21 16 0 0 0 0 0 0	13 22 16 0 0 0 0 0 0	13 23 16 0 0 0 0 0 0	14 12 16 1 13 1 1 1 20	14 13 16 1 1 1 3 1 20	14 14 16 0 0 0 0 0 0	14 15 16 0 0 0 0 0 0	14 16 48 1 1 15 4 1 1	14 17 48 0 0 0 0 0 0	14 18 48 0 0 0 0 0 0	14 19 48 0 0 0 0 0 0	14 20 16 1 1 1 16 1 20	14 21 16 0 0 0 0 0 0	14 22 16 0 0 0 0 0 0	14 23 16 0 0 0 0 0 0	15 12 16 0 0 0 0 0 0	15 13 16 0 0 0 0 0 0	15 14 16 0 0 0 0 0 0	15 15 24 0 0 0 0 0 0	15 20 18 0 0 0 0 0 0	15 21 16 0 0 0 0 0 0	15 22 16 0 0 0 0 0 0	15 23 16 0 0 0 0 0 0	16 12 16 0 0 0 0 0 0	16 13 16 0 0 0 0 0 0	16 14 16 0 0 0 0 0 0	16 15 24 0 0 0 0 0 0	16 20 18 0 0 0 0 0 0	16 21 16 0 0 0 0 0 0	16 22 16 0 0 0 0 0 0	16 23 16 0 0 0 0 0 0	17 12 16 0 0 0 0 0 0	17 13 16 0 0 0 0 0 0	17 14 16 0 0 0 0 0 0	17 15 24 0 0 0 0 0 0	17 20 18 0 0 0 0 0 0	17 21 16 0 0 0 0 0 0	17 22 16 0 0 0 0 0 0	17 23 16 0 0 0 0 0 0	18 12 16 0 0 0 0 0 0	18 13 16 0 0 0 0 0 0	18 14 16 0 0 0 0 0 0	18 15 24 0 0 0 0 0 0	18 20 18 0 0 0 0 0 0	18 21 16 0 0 0 0 0 0	18 22 16 0 0 0 0 0 0	18 23 16 0 0 0 0 0 0	19 12 16 0 0 0 0 0 0	19 13 16 0 0 0 0 0 0	19 14 16 0 0 0 0 0 0	19 15 16 0 0 0 0 0 0	19 16 20 1 1 1 1 1 2	19 17 20 1 1 1 2 1 15	19 18 20 0 0 0 0 0 0	19 19 20 1 1 1 1 1 2	19 20 16 0 0 0 0 0 0	19 21 16 0 0 0 0 0 0	19 22 16 0 0 0 0 0 0	19 23 16 0 0 0 0 0 0	20 12 16 0 0 0 0 0 0	20 13 16 0 0 0 0 0 0	20 14 16 0 0 0 0 0 0	20 15 16 0 0 0 0 0 0	20 16 16 0 0 0 0 0 0	20 17 16 0 0 0 0 0 0	20 18 16 0 0 0 0 0 0	20 19 16 0 0 0 0 0 0	20 20 16 0 0 0 0 0 0	20 21 16 0 0 0 0 0 0	20 22 16 0 0 0 0 0 0	20 23 16 0 0 0 0 0 0	21 16 16 1 17 1 1 1 13	21 17 16 0 0 0 0 0 0	21 18 16 0 0 0 0 0 0	21 19 16 1 1 1 17 1 13	
14 15 0 0 0 0 0 0 0	14 16 32 0 0 0 0 0 0	14 17 32 0 0 0 0 0 0	14 18 32 0 0 0 0 0 0	14 19 32 0 0 0 0 0 0	14 20 0 0 0 0 0 0 0	15 15 8 0 0 0 0 0 0	15 20 2 0 0 0 0 0 0	16 15 8 0 0 0 0 0 0	16 20 2 0 0 0 0 0 0	17 15 8 0 0 0 0 0 0	17 20 2 0 0 0 0 0 0	18 15 8 0 0 0 0 0 0	18 20 2 0 0 0 0 0 0	19 15 0 0 0 0 0 0 0	19 16 4 5 1 1 20 1 15	19 17 4 0 0 0 0 0 0	19 18 4 0 0 0 0 0 0	19 19 4 0 0 0 0 0 0	19 20 0 0 0 0 0 0 0	
14 15 0 0 0 0 0 0 0	14 16 32 0 0 0 0 0 0	14 17 32 0 0 0 0 0 0	14 18 32 0 0 0 0 0 0	14 19 32 0 0 0 0 0 0	14 20 0 0 0 0 0 0 0	15 15 8 0 0 0 0 0 0	15 20 2 0 0 0 0 0 0	16 15 8 0 0 0 0 0 0	16 20 2 0 0 0 0 0 0	17 15 8 0 0 0 0 0 0	17 20 2 0 0 0 0 0 0	18 15 8 0 0 0 0 0 0	18 20 2 0 0 0 0 0 0	19 15 0 0 0 0 0 0 0	19 16 4 0 0 0 0 0 0	19 17 4 0 0 0 0 0 0	19 18 4 0 0 0 0 0 0	19 19 4 0 0 0 0 0 0	19 20 0 0 0 0 0 0 0	
14 15 0 0 0 0 0 0 0	14 16 32 0 0 0 0 0 0	14 17 32 0 0 0 0 0 0	14 18 32 0 0 0 0 0 0	14 19 32 0 0 0 0 0 0	14 20 0 0 0 0 0 0 0	15 15 8 0 0 0 0 0 0	15 20 2 0 0 0 0 0 0	16 15 8 0 0 0 0 0 0	16 20 2 0 0 0 0 0 0	17 15 8 0 0 0 0 0 0	17 20 2 0 0 0 0 0 0	18 15 8 0 0 0 0 0 0	18 20 2 0 0 0 0 0 0	19 15 0 0 0 0 0 0 0	19 16 4 0 0 0 0 0 0	19 17 4 0 0 0 0 0 0	19 18 4 0 0 0 0 0 0	19 19 4 0 0 0 0 0 0	19 20 0 0 0 0 0 0 0	
14 15 0 0 0 0 0 0 0	14 16 32 0 0 0 0 0 0	14 17 32 0 0 0 0 0 0	14 18 32 0 0 0 0 0 0	14 19 32 0 0 0 0 0 0	14 20 0 0 0 0 0 0 0	15 15 8 0 0 0 0 0 0	15 20 2 0 0 0 0 0 0	16 15 8 0 0 0 0 0 0	16 20 2 0 0 0 0 0 0	17 15 8 0 0 0 0 0 0	17 20 2 0 0 0 0 0 0	18 15 8 0 0 0 0 0 0	18 20 2 0 0 0 0 0 0	19 15 0 0 0 0 0 0 0	19 16 4 0 0 0 0 0 0	19 17 4 0 0 0 0 0 0	19 18 4 0 0 0 0 0 0	19 19 4 0 0 0 0 0 0	19 20 0 0 0 0 0 0 0	
14 15 0 1 16 15 1 5 1	14 16 32 1 1 15 20 5 1	14 17 32 0 0 0 0 0 0	14 18 32 0 0 0 0 0 0	14 19 32 0 0 0 0 0 0	14 20 0 0 0 0 0 0 0	15 15 8 1 16 1 1 5 19	15 20 2 1 1 1 16 5 19	16 15 8 0 0 0 0 0 0	16 20 2 0 0 0 0 0 0	17 15 8 0 0 0 0 0 0	17 20 2 0 0 0 0 0 0	18 15 8 0 0 0 0 0 0	18 20 2 0 0 0 0 0 0	19 15 0 0 0 0 0 0 0	19 16 4 0 0 0 0 0 0	19 17 4 0 0 0 0 0 0	19 18 4 0 0 0 0 0 0	19 19 4 0 0 0 0 0 0	19 20 0 0 0 0 0 0 0	
14 15 0 0 0 0 0 0 0	14 16 32 0 0 0 0 0 0	14 17 32 0 0 0 0 0 0	14 18 32 0 0 0 0 0 0	14 19 32 0 0 0 0 0 0	14 20 0 0 0 0 0 0 0	15 15 8 0 0 0 0 0 0	15 20 2 0 0 0 0 0 0	16 15 8 0 0 0 0 0 0	16 20 2 0 0 0 0 0 0	17 15 8 0 0 0 0 0 0	17 20 2 0 0 0 0 0 0	18 15 8 0 0 0 0 0 0	18 20 2 0 0 0 0 0 0	19 15 0 0 0 0 0 0 0	19 16 4 1 1 1 20 5 15	19 17 4 0 0 0 0 0 0	19 18 4 0 0 0 0 0 0	19 19 4 0 0 0 0 0 0	19 20 0 0 0 0 0 0 0	
14 15 0 0 0 0 0 0 0	14 16 32 0 0 0 0 0 0	14 17 32 0 0 0 0 0 0	14 18 32 0 0 0 0 0 0	14 19 32 0 0 0 0 0 0	14 20 0 0 0 0 0 0 0	15 15 8 0 0 0 0 0 0	15 20 2 0 0 0 0 0 0	16 15 8 0 0 0 0 0 0	16 20 2 0 0 0 0 0 0	17 15 8 0 0 0 0 0 0	17 20 2 0 0 0 0 0 0	18 15 8 0 0 0 0 0 0	18 20 2 0 0 0 0 0 0	19 15 0 0 0 0 0 0 0	19 16 4 0 0 0 0 0 0	19 17 4 0 0 0 0 0 0	19 18 4 0 0 0 0 0 0	19 19 4 0 0 0 0 0 0	19 20 0 0 0 0 0 0 0	
14 15 0 0 0 0 0 0 0	14 16 32 0 0 0 0 0 0	14 17 32 0 0 0 0 0 0	14 18 32 0 0 0 0 0 0	14 19 32 0 0 0 0 0 0	14 20 0 0 0 0 0 0 0	15 15 8 0 0 0 0 0 0	15 20 2 0 0 0 0 0 0	16 15 8 0 0 0 0 0 0	16 20 2 0 0 0 0 0 0	17 15 8 0 0 0 0 0 0	17 20 2 0 0 0 0 0 0	18 15 8 0 0 0 0 0 0	18 20 2 0 0 0 0 0 0	19 15 0 0 0 0 0 0 0	19 16 4 0 0 0 0 0 0	19 17 4 0 0 0 0 0 0	19 18 4 0 0 0 0 0 0	19 19 4 0 0 0 0 0 0	19 20 0 0 0 0 0 0 0	
14 15 0 0 0 0 0 0 0	14 16 32 0 0 0 0 0 0	14 17 32 0 0 0 0 0 0	14 18 32 0 0 0 0 0 0	14 19 32 0 0 0 0 0 0	14 20 0 0 0 0 0 0 0	15 15 8 0 0 0 0 0 0	15 20 2 0 0 0 0 0 0	16 15 8 0 0 0 0 0 0	16 20 2 0 0 0 0 0 0	17 15 8 0 0 0 0 0 0	17 20 2 0 0 0 0 0 0	18 15 8 0 0 0 0 0 0	18 20 2 0 0 0 0 0 0	19 15 0 0 0 0 0 0 0	19 16 4 0 0 0 0 0 0	19 17 4 0 0 0 0 0 0	19 18 4 0 0 0 0 0 0	19 19 4 0 0 0 0 0 0	19 20 0 0 0 0 0 0 0	
14 15 0 1 16 15 1 5 1	14 16 32 1 1 15 20 5 1	14 17 32 0 0 0 0 0 0	14 18 32 0 0 0 0 0 0	14 19 32 0 0 0 0 0 0	14 20 0 0 0 0 0 0 0	15 15 8 1 16 1 1 5 19	15 20 2 1 1 1 16 5 19	16 15 8 0 0 0 0 0 0	16 20 2 0 0 0 0 0 0	17 15 8 0 0 0 0 0 0	17 20 2 0 0 0 0 0 0	18 15 8 0 0 0 0 0 0	18 20 2 0 0 0 0 0 0	19 15 0 0 0 0 0 0 0	19 16 4 0 0 0 0 0 0	19 17 4 0 0 0 0 0 0	19 18 4 0 0 0 0 0 0	19 19 4 0 0 0 0 0 0	19 20 0 0 0 0 0 0 0	
9 10 0 5 11 10 1 1 1	9 11 0 5 1 10 25 1 1	9 12 0 0 0 0 0 0 0	9 13 0 0 0 0 0 0 0	9 14 0 0 0 0 0 0 0	9 15 0 0 0 0 0 0 0	9 16 0 0 0 0 0 0 0	9 17 0 0 0 0 0 0 0	9 18 0 0 0 0 0 0 0	9 19 0 0 0 0 0 0 0	9 20 0 0 0 0 0 0 0	10 10 0 5 11 1 1 1 24	10 11 1 1 1 1 5 1 24	10 12 1 0 0 0 0 0 0	10 13 1 0 0 0 0 0 0	10 14 1 0 0 0 0 0 0	10 15 0 0 0 0 0 0 0	10 16 1 1 1 1 4 1 5	10 17 1 0 0 0 0 0 0	10 18 1 0 0 0 0 0 0	10 19 1 0 0 0 0 0 0	10 20 0 5 1 1 16 1 24	11 10 0 0 0 0 0 0 0	11 11 1 0 0 0 0 0 0	11 12 1 0 0 0 0 0 0	11 13 1 0 0 0 0 0 0	11 14 1 0 0 0 0 0 0	11 15 0 0 0 0 0 0 0	11 16 1 0 0 0 0 0 0	11 17 1 0 0 0 0 0 0	11 18 1 0 0 0 0 0 0	11 19 1 0 0 0 0 0 0	11 20 0 0 0 0 0 0 0	12 10 0 0 0 0 0 0 0	12 11 1 0 0 0 0 0 0	12 12 1 0 0 0 0 0 0	12 13 1 0 0 0 0 0 0	12 14 1 0 0 0 0 0 0	12 15 0 0 0 0 0 0 0	12 16 1 0 0 0 0 0 0	12 17 1 0 0 0 0 0 0	12 18 1 0 0 0 0 0 0	12 19 1 0 0 0 0 0 0	12 20 0 0 0 0 0 0 0	13 10 0 0 0 0 0 0 0	13 11 1 0 0 0 0 0 0	13 12 1 0 0 0 0 0 0	13 13 1 0 0 0 0 0 0	13 14 1 0 0 0 0 0 0	13 15 0 0 0 0 0 0 0	13 16 1 0 0 0 0 0 0	13 17 1 0 0 0 0 0 0	13 18 1 0 0 0 0 0 0	13 19 1 0 0 0 0 0 0	13 20 0 0 0 0 0 0 0	14 10 0 0 0 0 0 0 0	14 11 0 0 0 0 0 0 0	14 12 0 0 0 0 0 0 0	14 13 0 0 0 0 0 0 0	14 14 0 0 0 0 0 0 0	14 15 0 0 0 0 0 0 0	14 16 33 0 0 0 0 0 0	14 17 33 0 0 0 0 0 0	14 18 33 0 0 0 0 0 0	14 19 33 0 0 0 0 0 0	14 20 0 0 0 0 0 0 0	15 10 0 0 0 0 0 0 0	15 11 1 0 0 0 0 0 0	15 12 1 0 0 0 0 0 0	15 13 1 0 0 0 0 0 0	15 14 1 0 0 0 0 0 0	15 15 9 0 0 0 0 0 0	15 20 2 0 0 0 0 0 0	16 10 0 0 0 0 0 0 0	16 11 1 0 0 0 0 0 0	16 12 1 0 0 0 0 0 0	16 13 1 0 0 0 0 0 0	16 14 1 0 0 0 0 0 0	16 15 9 0 0 0 0 0 0	16 20 2 0 0 0 0 0 0	17 10 0 0 0 0 0 0 0	17 11 1 0 0 0 0 0 0	17 12 1 0 0 0 0 0 0	17 13 1 0 0 0 0 0 0	17 14 1 0 0 0 0 0 0	17 15 9 0 0 0 0 0 0	17 20 2 0 0 0 0 0 0	18 10 0 0 0 0 0 0 0	18 11 1 0 0 0 0 0 0	18 12 1 0 0 0 0 0 0	18 13 1 0 0 0 0 0 0	18 14 1 0 0 0 0 0 0	18 15 9 0 0 0 0 0 0	18 20 2 0 0 0 0 0 0	19 10 0 0 0 0 0 0 0	19 11 0 0 0 0 0 0 0	19 12 0 0 0 0 0 0 0	19 13 0 0 0 0 0 0 0	19 14 0 0 0 0 0 0 0	19 15 0 0 0 0 0 0 0	19 16 4 1 1 1 20 5 15	19 17 4 0 0 0 0 0 0	19 18 4 0 0 0 0 0 0	19 19 4 0 0 0 0 0 0	19 20 0 0 0 0 0 0 0	
9 10 0 0 0 0 0 0 0	9 11 32 0 0 0 0 0 0	9 12 32 0 0 0 0 0 0	9 13 32 0 0 0 0 0 0	9 14 32 0 0 0 0 0 0	9 15 0 0 0 0 0 0 0	9 16 32 0 0 0 0 0 0	9 17 32 0 0 0 0 0 0	9 18 32 0 0 0 0 0 0	9 19 32 0 0 0 0 0 0	9 20 0 0 0 0 0 0 0	10 10 8 0 0 0 0 0 0	10 15 10 1 1 1 1 1 5	10 20 2 0 0 0 0 0 0	11 10 8 0 0 0 0 0 0	11 15 10 0 0 0 0 0 0	11 20 2 0 0 0 0 0 0	12 10 8 0 0 0 0 0 0	12 15 10 0 0 0 0 0 0	12 20 2 0 0 0 0 0 0	13 10 8 0 0 0 0 0 0	13 15 10 0 0 0 0 0 0	13 20 2 0 0 0 0 0 0	14 10 0 0 0 0 0 0 0	14 11 37 1 1 1 5 1 1	14 12 37 0 0 0 0 0 0	14 13 37 0 0 0 0 0 0	14 14 37 0 0 0 0 0 0	14 15 40 0 0 0 0 0 0	14 20 2 0 0 0 0 0 0	15 10 8 0 0 0 0 0 0	15 20 2 0 0 0 0 0 0	16 10 8 0 0 0 0 0 0	16 20 2 0 0 0 0 0 0	17 10 8 0 0 0 0 0 0	17 20 2 0 0 0 0 0 0	18 10 8 0 0 0 0 0 0	18 20 2 0 0 0 0 0 0	19 10 0 0 0 0 0 0 0	19 11 4 0 0 0 0 0 0	19 12 4 0 0 0 0 0 0	19 13 4 0 0 0 0 0 0	19 14 4 0 0 0 0 0 0	19 15 4 0 0 0 0 0 0	19 16 4 0 0 0 0 0 0	19 17 4 0 0 0 0 0 0	19 18 4 0 0 0 0 0 0	19 19 4 0 0 0 0 0 0	19 20 0 0 0 0 0 0 0	
9 10 0 0 0 0 0 0 0	9 11 32 0 0 0 0 0 0	9 12 32 0 0 0 0 0 0	9 13 32 0 0 0 0 0 0	9 14 32 0 0 0 0 0 0	9 15 0 0 0 0 0 0 0	9 16 32 0 0 0 0 0 0	9 17 32 0 0 0 0 0 0	9 18 32 0 0 0 0 0 0	9 19 32 0 0 0 0 0 0	9 20 0 0 0 0 0 0 0	10 10 8 0 0 0 0 0 0	10 15 10 0 0 0 0 0 0	10 20 2 0 0 0 0 0 0	11 10 8 0 0 0 0 0 0	11 15 10 0 0 0 0 0 0	11 20 2 0 0 0 0 0 0	12 10 8 0 0 0 0 0 0	12 15 10 0 0 0 0 0 0	12 20 2 0 0 0 0 0 0	13 10 8 0 0 0 0 0 0	13 15 10 0 0 0 0 0 0	13 20 2 0 0 0 0 0 0	14 10 8 0 0 0 0 0 0	14 15 2 0 0 0 0 0 0	14 16 52 1 1 1 20 1 1	14 17 52 0 0 0 0 0 0	14 18 52 0 0 0 0 0 0	14 19 52 0 0 0 0 0 0	14 20 0 0 0 0 0 0 0	15 10 8 0 0 0 0 0 0	15 15 26 0 0 0 0 0 0	15 20 2 0 0 0 0 0 0	16 10 8 0 0 0 0 0 0	16 15 26 0 0 0 0 0 0	16 20 2 0 0 0 0 0 0	17 10 8 0 0 0 0 0 0	17 15 26 0 0 0 0 0 0	17 20 2 0 0 0 0 0 0	18 10 8 0 0 0 0 0 0	18 15 26 0 0 0 0 0 0	18 20 2 0 0 0 0 0 0	19 10 0 0 0 0 0 0 0	19 11 4 0 0 0 0 0 0	19 12 4 0 0 0 0 0 0	19 13 4 0 0 0 0 0 0	19 14 4 0 0 0 0 0 0	19 15 0 0 0 0 0 0 0	19 16 4 0 0 0 0 0 0	19 17 4 0 0 0 0 0 0	19 18 4 0 0 0 0 0 0	19 19 4 0 0 0 0 0 0	19 20 0 0 0 0 0 0 0	
9 10 0 0 0 0 0 0 0	9 11 32 0 0 0 0 0 0	9 12 32 0 0 0 0 0 0	9 13 32 0 0 0 0 0 0	9 14 32 0 0 0 0 0 0	9 15 0 0 0 0 0 0 0	9 16 32 0 0 0 0 0 0	9 17 32 0 0 0 0 0 0	9 18 32 0 0 0 0 0 0	9 19 32 0 0 0 0 0 0	9 20 0 0 0 0 0 0 0	10 10 8 0 0 0 0 0 0	10 15 10 1 1 1 1 2 24	10 20 2 0 0 0 0 0 0	11 10 8 0 0 0 0 0 0	11 15 10 0 0 0 0 0 0	11 20 2 0 0 0 0 0 0	12 10 8 0 0 0 0 0 0	12 15 10 0 0 0 0 0 0	12 20 2 0 0 0 0 0 0	13 10 8 0 0 0 0 0 0	13 15 10 0 0 0 0 0 0	13 20 2 0 0 0 0 0 0	14 10 0 0 0 0 0 0 0	14 11 52 0 0 0 0 0 0	14 12 52 0 0 0 0 0 0	14 13 52 0 0 0 0 0 0	14 14 52 0 0 0 0 0 0	14 15 0 0 0 0 0 0 0	14 16 36 0 0 0 0 0 0	14 17 36 0 0 0 0 0 0	14 18 36 0 0 0 0 0 0	14 19 36 0 0 0 0 0 0	14 20 0 0 0 0 0 0 0	15 10 8 0 0 0 0 0 0	15 15 10 0 0 0 0 0 0	15 20 2 0 0 0 0 0 0	16 10 8 0 0 0 0 0 0	16 15 11 0 0 0 0 0 0	16 20 2 0 0 0 0 0 0	17 10 8 0 0 0 0 0 0	17 15 11 0 0 0 0 0 0	17 20 2 0 0 0 0 0 0	18 10 8 0 0 0 0 0 0	18 15 10 0 0 0 0 0 0	18 20 2 0 0 0 0 0 0	19 10 0 0 0 0 0 0 0	19 11 4 0 0 0 0 0 0	19 12 4 0 0 0 0 0 0	19 13 4 0 0 0 0 0 0	19 14 4 0 0 0 0 0 0	19 15 0 0 0 0 0 0 0	19 16 4 0 0 0 0 0 0	19 17 4 0 0 0 0 0 0	19 18 4 0 0 0 0 0 0	19 19 4 0 0 0 0 0 0	19 20 0 0 0 0 0 0 0	
9 10 0 0 0 0 0 0 0	9 11 32 0 0 0 0 0 0	9 12 32 0 0 0 0 0 0	9 13 32 0 0 0 0 0 0	9 14 32 0 0 0 0 0 0	9 15 0 0 0 0 0 0 0	9 16 32 0 0 0 0 0 0	9 17 32 0 0 0 0 0 0	9 18 32 0 0 0 0 0 0	9 19 32 0 0 0 0 0 0	9 20 0 0 0 0 0 0 0	10 10 8 0 0 0 0 0 0	10 15 10 1 1 1 1 1 6	10 20 2 0 0 0 0 0 0	11 10 8 0 0 0 0 0 0	11 15 10 0 0 0 0 0 0	11 20 2 0 0 0 0 0 0	12 10 8 0 0 0 0 0 0	12 15 10 0 0 0 0 0 0	12 20 2 0 0 0 0 0 0	13 10 8 0 0 0 0 0 0	13 15 10 0 0 0 0 0 0	13 20 2 0 0 0 0 0 0	14 10 0 0 0 0 0 0 0	14 11 36 0 0 0 0 0 0	14 12 36 0 0 0 0 0 0	14 13 36 0 0 0 0 0 0	14 14 36 0 0 0 0 0 0	14 15 0 0 0 0 0 0 0	14 16 36 0 0 0 0 0 0	14 17 36 0 0 0 0 0 0	14 18 36 0 0 0 0 0 0	14 19 36 0 0 0 0 0 0	14 20 0 0 0 0 0 0 0	15 10 8 0 0 0 0 0 0	15 15 42 0 0 0 0 0 0	15 20 2 0 0 0 0 0 0	16 10 8 0 0 0 0 0 0	16 20 2 0 0 0 0 0 0	17 10 8 0 0 0 0 0 0	17 20 2 0 0 0 0 0 0	18 10 8 0 0 0 0 0 0	18 15 14 1 1 1 1 1 16	18 20 2 0 0 0 0 0 0	19 10 0 0 0 0 0 0 0	19 11 4 0 0 0 0 0 0	19 12 4 0 0 0 0 0 0	19 13 4 0 0 0 0 0 0	19 14 4 0 0 0 0 0 0	19 15 0 0 0 0 0 0 0	19 16 4 0 0 0 0 0 0	19 17 4 0 0 0 0 0 0	19 18 4 0 0 0 0 0 0	19 19 4 0 0 0 0 0 0	19 20 0 0 0 0 0 0 0	
9 10 0 1 11 10 1 5 1	9 11 32 1 1 10 25 5 1	9 12 32 0 0 0 0 0 0	9 13 32 0 0 0 0 0 0	9 14 32 0 0 0 0 0 0	9 15 0 0 0 0 0 0 0	9 16 32 0 0 0 0 0 0	9 17 32 0 0 0 0 0 0	9 18 32 0 0 0 0 0 0	9 19 32 0 0 0 0 0 0	9 20 0 0 0 0 0 0 0	10 10 8 1 11 1 1 5 24	10 15 10 5 1 1 1 1 24	10 20 2 1 1 1 16 5 24	11 10 8 0 0 0 0 0 0	11 15 10 0 0 0 0 0 0	11 20 2 0 0 0 0 0 0	12 10 8 0 0 0 0 0 0	12 15 10 0 0 0 0 0 0	12 20 2 0 0 0 0 0 0	13 10 8 0 0 0 0 0 0	13 15 10 0 0 0 0 0 0	13 20 2 0 0 0 0 0 0	14 10 0 0 0 0 0 0 0	14 11 36 1 1 1 25 3 1	14 12 36 0 0 0 0 0 0	14 13 36 0 0 0 0 0 0	14 14 36 0 0 0 0 0 0	14 15 0 0 0 0 0 0 0	14 16 36 0 0 0 0 0 0	14 17 36 0 0 0 0 0 0	14 18 36 0 0 0 0 0 0	14 19 36 0 0 0 0 0 0	14 20 0 0 0 0 0 0 0	15 10 8 0 0 0 0 0 0	15 15 10 0 0 0 0 0 0	15 20 2 0 0 0 0 0 0	16 10 8 0 0 0 0 0 0	16 15 26 0 0 0 0 0 0	16 20 2 0 0 0 0 0 0	17 10 8 0 0 0 0 0 0	17 15 26 0 0 0 0 0 0	17 20 2 0 0 0 0 0 0	18 10 8 0 0 0 0 0 0	18 15 10 0 0 0 0 0 0	18 20 2 0 0 0 0 0 0	19 10 0 0 0 0 0 0 0	19 11 4 1 1 1 25 5 15	19 12 4 0 0 0 0 0 0	19 13 4 0 0 0 0 0 0	19 14 4 0 0 0 0 0 0	19 15 0 0 0 0 0 0 0	19 16 4 0 0 0 0 0 0	19 17 4 0 0 0 0 0 0	19 18 4 0 0 0 0 0 0	19 19 4 0 0 0 0 0 0	19 20 0 0 0 0 0 0 0	
9 10 0 0 0 0 0 0 0	9 11 32 0 0 0 0 0 0	9 12 32 0 0 0 0 0 0	9 13 32 0 0 0 0 0 0	9 14 32 0 0 0 0 0 0	9 15 0 0 0 0 0 0 0	9 16 32 0 0 0 0 0 0	9 17 32 0 0 0 0 0 0	9 18 32 0 0 0 0 0 0	9 19 32 0 0 0 0 0 0	9 20 0 0 0 0 0 0 0	10 10 8 0 0 0 0 0 0	10 15 10 0 0 0 0 0 0	10 20 2 0 0 0 0 0 0	11 10 8 0 0 0 0 0 0	11 15 10 0 0 0 0 0 0	11 20 2 0 0 0 0 0 0	12 10 8 0 0 0 0 0 0	12 15 10 0 0 0 0 0 0	12 20 2 0 0 0 0 0 0	13 10 8 0 0 0 0 0 0	13 15 10 0 0 0 0 0 0	13 20 2 0 0 0 0 0 0	14 10 0 0 0 0 0 0 0	14 11 36 0 0 0 0 0 0	14 12 36 0 0 0 0 0 0	14 13 36 0 0 0 0 0 0	14 14 36 0 0 0 0 0 0	14 15 0 0 0 0 0 0 0	14 16 36 0 0 0 0 0 0	14 17 36 0 0 0 0 0 0	14 18 36 0 0 0 0 0 0	14 19 36 0 0 0 0 0 0	14 20 0 0 0 0 0 0 0	15 10 8 0 0 0 0 0 0	15 15 10 0 0 0 0 0 0	15 20 2 0 0 0 0 0 0	16 10 8 0 0 0 0 0 0	16 15 10 0 0 0 0 0 0	16 20 2 0 0 0 0 0 0	17 10 8 0 0 0 0 0 0	17 15 10 0 0 0 0 0 0	17 20 2 0 0 0 0 0 0	18 10 8 0 0 0 0 0 0	18 15 10 0 0 0 0 0 0	18 20 2 0 0 0 0 0 0	19 10 0 0 0 0 0 0 0	19 11 4 0 0 0 0 0 0	19 12 4 0 0 0 0 0 0	19 13 4 0 0 0 0 0 0	19 14 4 0 0 0 0 0 0	19 15 0 0 0 0 0 0 0	19 16 4 0 0 0 0 0 0	19 17 4 0 0 0 0 0 0	19 18 4 0 0 0 0 0 0	19 19 4 0 0 0 0 0 0	19 20 0 0 0 0 0 0 0	
9 10 0 0 0 0 0 0 0	9 11 32 0 0 0 0 0 0	9 12 32 0 0 0 0 0 0	9 13 32 0 0 0 0 0 0	9 14 32 0 0 0 0 0 0	9 15 0 0 0 0 0 0 0	9 16 32 0 0 0 0 0 0	9 17 32 0 0 0 0 0 0	9 18 32 0 0 0 0 0 0	9 19 32 0 0 0 0 0 0	9 20 0 0 0 0 0 0 0	10 10 8 0 0 0 0 0 0	10 15 10 0 0 0 0 0 0	10 20 2 0 0 0 0 0 0	11 10 8 0 0 0 0 0 0	11 15 10 0 0 0 0 0 0	11 20 2 0 0 0 0 0 0	12 10 8 0 0 0 0 0 0	12 15 10 0 0 0 0 0 0	12 20 2 0 0 0 0 0 0	13 10 8 0 0 0 0 0 0	13 15 10 0 0 0 0 0 0	13 20 2 0 0 0 0 0 0	14 10 0 0 0 0 0 0 0	14 11 36 0 0 0 0 0 0	14 12 36 0 0 0 0 0 0	14 13 36 0 0 0 0 0 0	14 14 36 0 0 0 0 0 0	14 15 0 0 0 0 0 0 0	14 16 36 0 0 0 0 0 0	14 17 36 0 0 0 0 0 0	14 18 36 0 0 0 0 0 0	14 19 36 0 0 0 0 0 0	14 20 0 0 0 0 0 0 0	15 10 8 0 0 0 0 0 0	15 15 10 0 0 0 0 0 0	15 20 2 0 0 0 0 0 0	16 10 8 0 0 0 0 0 0	16 15 10 0 0 0 0 0 0	16 20 2 0 0 0 0 0 0	17 10 8 0 0 0 0 0 0	17 15 10 0 0 0 0 0 0	17 20 2 0 0 0 0 0 0	18 10 8 0 0 0 0 0 0	18 15 10 0 0 0 0 0 0	18 20 2 0 0 0 0 0 0	19 10 0 0 0 0 0 0 0	19 11 4 0 0 0 0 0 0	19 12 4 0 0 0 0 0 0	19 13 4 0 0 0 0 0 0	19 14 4 0 0 0 0 0 0	19 15 0 0 0 0 0 0 0	19 16 4 0 0 0 0 0 0	19 17 4 0 0 0 0 0 0	19 18 4 0 0 0 0 0 0	19 19 4 0 0 0 0 0 0	19 20 0 0 0 0 0 0 0	
9 10 0 0 0 0 0 0 0	9 11 32 0 0 0 0 0 0	9 12 32 0 0 0 0 0 0	9 13 32 0 0 0 0 0 0	9 14 32 0 0 0 0 0 0	9 15 0 0 0 0 0 0 0	9 16 32 0 0 0 0 0 0	9 17 32 0 0 0 0 0 0	9 18 32 0 0 0 0 0 0	9 19 32 0 0 0 0 0 0	9 20 0 0 0 0 0 0 0	10 10 8 0 0 0 0 0 0	10 15 10 0 0 0 0 0 0	10 20 2 0 0 0 0 0 0	11 10 8 0 0 0 0 0 0	11 15 10 0 0 0 0 0 0	11 20 2 0 0 0 0 0 0	12 10 8 0 0 0 0 0 0	12 15 10 0 0 0 0 0 0	12 20 2 0 0 0 0 0 0	13 10 8 0 0 0 0 0 0	13 15 10 0 0 0 0 0 0	13 20 2 0 0 0 0 0 0	14 10 0 0 0 0 0 0 0	14 11 36 0 0 0 0 0 0	14 12 36 0 0 0 0 0 0	14 13 36 0 0 0 0 0 0	14 14 36 0 0 0 0 0 0	14 15 0 0 0 0 0 0 0	14 16 36 0 0 0 0 0 0	14 17 36 0 0 0 0 0 0	14 18 36 0 0 0 0 0 0	14 19 36 0 0 0 0 0 0	14 20 0 0 0 0 0 0 0	15 10 8 0 0 0 0 0 0	15 15 10 0 0 0 0 0 0	15 20 2 0 0 0 0 0 0	16 10 8 0 0 0 0 0 0	16 15 10 0 0 0 0 0 0	16 20 2 0 0 0 0 0 0	17 10 8 0 0 0 0 0 0	17 15 10 0 0 0 0 0 0	17 20 2 0 0 0 0 0 0	18 10 8 0 0 0 0 0 0	18 15 10 0 0 0 0 0 0	18 20 2 0 0 0 0 0 0	19 10 0 0 0 0 0 0 0	19 11 4 0 0 0 0 0 0	19 12 4 0 0 0 0 0 0	19 13 4 0 0 0 0 0 0	19 14 4 0 0 0 0 0 0	19 15 0 0 0 0 0 0 0	19 16 4 0 0 0 0 0 0	19 17 4 0 0 0 0 0 0	19 18 4 0 0 0 0 0 0	19 19 4 0 0 0 0 0 0	19 20 0 0 0 0 0 0 0	
9 10 0 0 0 0 0 0 0	9 11 32 0 0 0 0 0 0	9 12 32 0 0 0 0 0 0	9 13 32 0 0 0 0 0 0	9 14 32 0 0 0 0 0 0	9 15 0 0 0 0 0 0 0	9 16 32 0 0 0 0 0 0	9 17 32 0 0 0 0 0 0	9 18 32 0 0 0 0 0 0	9 19 32 0 0 0 0 0 0	9 20 0 0 0 0 0 0 0	10 10 8 0 0 0 0 0 0	10 15 10 0 0 0 0 0 0	10 20 2 0 0 0 0 0 0	11 10 8 0 0 0 0 0 0	11 15 10 0 0 0 0 0 0	11 20 2 0 0 0 0 0 0	12 10 8 0 0 0 0 0 0	12 15 10 0 0 0 0 0 0	12 20 2 0 0 0 0 0 0	13 10 8 0 0 0 0 0 0	13 15 10 0 0 0 0 0 0	13 20 2 0 0 0 0 0 0	14 10 0 0 0 0 0 0 0	14 11 36 0 0 0 0 0 0	14 12 36 0 0 0 0 0 0	14 13 36 0 0 0 0 0 0	14 14 36 0 0 0 0 0 0	14 15 0 0 0 0 0 0 0	14 16 36 0 0 0 0 0 0	14 17 36 0 0 0 0 0 0	14 18 36 0 0 0 0 0 0	14 19 36 0 0 0 0 0 0	14 20 0 0 0 0 0 0 0	15 10 8 0 0 0 0 0 0	15 15 10 0 0 0 0 0 0	15 20 2 0 0 0 0 0 0	16 10 8 0 0 0 0 0 0	16 15 10 0 0 0 0 0 0	16 20 2 0 0 0 0 0 0	17 10 8 0 0 0 0 0 0	17 15 10 0 0 0 0 0 0	17 20 2 0 0 0 0 0 0	18 10 8 0 0 0 0 0 0	18 15 10 0 0 0 0 0 0	18 20 2 0 0 0 0 0 0	19 10 0 0 0 0 0 0 0	19 11 4 0 0 0 0 0 0	19 12 4 0 0 0 0 0 0	19 13 4 0 0 0 0 0 0	19 14 4 0 0 0 0 0 0	19 15 0 0 0 0 0 0 0	19 16 4 0 0 0 0 0 0	19 17 4 0 0 0 0 0 0	19 18 4 0 0 0 0 0 0	19 19 4 0 0 0 0 0 0	19 20 0 0 0 0 0 0 0	
9 10 0 1 11 10 1 5 1	9 11 32 1 1 10 25 5 1	9 12 32 0 0 0 0 0 0	9 13 32 0 0 0 0 0 0	9 14 32 0 0 0 0 0 0	9 15 0 0 0 0 0 0 0	9 16 32 0 0 0 0 0 0	9 17 32 0 0 0 0 0 0	9 18 32 0 0 0 0 0 0	9 19 32 0 0 0 0 0 0	9 20 0 0 0 0 0 0 0	10 10 8 1 11 1 1 5 24	10 15 10 1 1 1 1 5 24	10 20 2 1 1 1 16 5 24	11 10 8 0 0 0 0 0 0	11 15 10 0 0 0 0 0 0	11 20 2 0 0 0 0 0 0	12 10 8 0 0 0 0 0 0	12 15 10 0 0 0 0 0 0	12 20 2 0 0 0 0 0 0	13 10 8 0 0 0 0 0 0	13 15 10 0 0 0 0 0 0	13 20 2 0 0 0 0 0 0	14 10 0 0 0 0 0 0 0	14 11 36 1 1 1 25 5 1	14 12 36 0 0 0 0 0 0	14 13 36 0 0 0 0 0 0	14 14 36 0 0 0 0 0 0	14 15 0 0 0 0 0 0 0	14 16 36 0 0 0 0 0 0	14 17 36 0 0 0 0 0 0	14 18 36 0 0 0 0 0 0	14 19 36 0 0 0 0 0 0	14 20 0 0 0 0 0 0 0	15 10 8 0 0 0 0 0 0	15 15 10 0 0 0 0 0 0	15 20 2 0 0 0 0 0 0	16 10 8 0 0 0 0 0 0	16 15 10 0 0 0 0 0 0	16 20 2 0 0 0 0 0 0	17 10 8 0 0 0 0 0 0	17 15 10 0 0 0 0 0 0	17 20 2 0 0 0 0 0 0	18 10 8 0 0 0 0 0 0	18 15 10 0 0 0 0 0 0	18 20 2 0 0 0 0 0 0	19 10 0 0 0 0 0 0 0	19 11 4 1 1 1 25 5 15	19 12 4 0 0 0 0 0 0	19 13 4 0 0 0 0 0 0	19 14 4 0 0 0 0 0 0	19 15 0 0 0 0 0 0 0	19 16 4 0 0 0 0 0 0	19 17 4 0 0 0 0 0 0	19 18 4 0 0 0 0 0 0	19 19 4 0 0 0 0 0 0	19 20 0 0 0 0 0 0 0	
9 10 0 0 0 0 0 0 0	9 11 32 0 0 0 0 0 0	9 12 32 0 0 0 0 0 0	9 13 32 0 0 0 0 0 0	9 14 32 0 0 0 0 0 0	9 15 0 0 0 0 0 0 0	9 16 32 0 0 0 0 0 0	9 17 32 0 0 0 0 0 0	9 18 32 0 0 0 0 0 0	9 19 32 0 0 0 0 0 0	9 20 0 0 0 0 0 0 0	10 10 8 0 0 0 0 0 0	10 15 10 0 0 0 0 0 0	10 20 2 0 0 0 0 0 0	11 10 8 0 0 0 0 0 0	11 15 10 0 0 0 0 0 0	11 20 2 0 0 0 0 0 0	12 10 8 0 0 0 0 0 0	12 15 10 0 0 0 0 0 0	12 20 2 0 0 0 0 0 0	13 10 8 0 0 0 0 0 0	13 15 10 0 0 0 0 0 0	13 20 2 0 0 0 0 0 0	14 10 0 0 0 0 0 0 0	14 11 36 0 0 0 0 0 0	14 12 36 0 0 0 0 0 0	14 13 36 0 0 0 0 0 0	14 14 36 0 0 0 0 0 0	14 15 0 0 0 0 0 0 0	14 16 36 0 0 0 0 0 0	14 17 36 0 0 0 0 0 0	14 18 36 0 0 0 0 0 0	14 19 36 0 0 0 0 0 0	14 20 0 0 0 0 0 0 0	15 10 8 0 0 0 0 0 0	15 15 10 0 0 0 0 0 0	15 20 2 0 0 0 0 0 0	16 10 8 0 0 0 0 0 0	16 15 10 0 0 0 0 0 0	16 20 2 0 0 0 0 0 0	17 10 8 0 0 0 0 0 0	17 15 10 0 0 0 0 0 0	17 20 2 0 0 0 0 0 0	18 10 8 0 0 0 0 0 0	18 15 10 0 0 0 0 0 0	18 20 2 0 0 0 0 0 0	19 10 0 0 0 0 0 0 0	19 11 4 0 0 0 0 0 0	19 12 4 0 0 0 0 0 0	19 13 4 0 0 0 0 0 0	19 14 4 0 0 0 0 0 0	19 15 0 0 0 0 0 0 0	19 16 4 0 0 0 0 0 0	19 17 4 0 0 0 0 0 0	19 18 4 0 0 0 0 0 0	19 19 4 0 0 0 0 0 0	19 20 0 0 0 0 0 0 0	
9 10 0 0 0 0 0 0 0	9 11 32 0 0 0 0 0 0	9 12 32 0 0 0 0 0 0	9 13 32 0 0 0 0 0 0	9 14 32 0 0 0 0 0 0	9 15 0 0 0 0 0 0 0	9 16 32 0 0 0 0 0 0	9 17 32 0 0 0 0 0 0	9 18 32 0 0 0 0 0 0	9 19 32 0 0 0 0 0 0	9 20 0 0 0 0 0 0 0	10 10 8 0 0 0 0 0 0	10 15 10 0 0 0 0 0 0	10 20 2 0 0 0 0 0 0	11 10 8 0 0 0 0 0 0	11 15 10 0 0 0 0 0 0	11 20 2 0 0 0 0 0 0	12 10 8 0 0 0 0 0 0	12 15 10 0 0 0 0 0 0	12 20 2 0 0 0 0 0 0	13 10 8 0 0 0 0 0 0	13 15 10 0 0 0 0 0 0	13 20 2 0 0 0 0 0 0	14 10 0 0 0 0 0 0 0	14 11 36 0 0 0 0 0 0	14 12 36 0 0 0 0 0 0	14 13 36 0 0 0 0 0 0	14 14 36 0 0 0 0 0 0	14 15 0 0 0 0 0 0 0	14 16 36 0 0 0 0 0 0	14 17 36 0 0 0 0 0 0	14 18 36 0 0 0 0 0 0	14 19 36 0 0 0 0 0 0	14 20 0 0 0 0 0 0 0	15 10 8 0 0 0 0 0 0	15 15 10 0 0 0 0 0 0	15 20 2 0 0 0 0 0 0	16 10 8 0 0 0 0 0 0	16 15 10 0 0 0 0 0 0	16 20 2 0 0 0 0 0 0	17 10 8 0 0 0 0 0 0	17 15 10 0 0 0 0 0 0	17 20 2 0 0 0 0 0 0	18 10 8 0 0 0 0 0 0	18 15 10 0 0 0 0 0 0	18 20 2 0 0 0 0 0 0	19 10 0 0 0 0 0 0 0	19 11 4 0 0 0 0 0 0	19 12 4 0 0 0 0 0 0	19 13 4 0 0 0 0 0 0	19 14 4 0 0 0 0 0 0	19 15 0 0 0 0 0 0 0	19 16 4 0 0 0 0 0 0	19 17 4 0 0 0 0 0 0	19 18 4 0 0 0 0 0 0	19 19 4 0 0 0 0 0 0	19 20 0 0 0 0 0 0 0	
9 10 0 0 0 0 0 0 0	9 11 32 0 0 0 0 0 0	9 12 32 0 0 0 0 0 0	9 13 32 0 0 0 0 0 0	9 14 32 0 0 0 0 0 0	9 15 0 0 0 0 0 0 0	9 16 32 0 0 0 0 0 0	9 17 32 0 0 0 0 0 0	9 18 32 0 0 0 0 0 0	9 19 32 0 0 0 0 0 0	9 20 0 0 0 0 0 0 0	10 10 8 0 0 0 0 0 0	10 15 10 0 0 0 0 0 0	10 20 2 0 0 0 0 0 0	11 10 8 0 0 0 0 0 0	11 15 10 0 0 0 0 0 0	11 20 2 0 0 0 0 0 0	12 10 8 0 0 0 0 0 0	12 15 10 0 0 0 0 0 0	12 20 2 0 0 0 0 0 0	13 10 8 0 0 0 0 0 0	13 15 10 0 0 0 0 0 0	13 20 2 0 0 0 0 0 0	14 10 0 0 0 0 0 0 0	14 11 36 0 0 0 0 0 0	14 12 36 0 0 0 0 0 0	14 13 36 0 0 0 0 0 0	14 14 36 0 0 0 0 0 0	14 15 0 0 0 0 0 0 0	14 16 36 0 0 0 0 0 0	14 17 36 0 0 0 0 0 0	14 18 36 0 0 0 0 0 0	14 19 36 0 0 0 0 0 0	14 20 0 0 0 0 0 0 0	15 10 8 0 0 0 0 0 0	15 15 10 0 0 0 0 0 0	15 20 2 0 0 0 0 0 0	16 10 8 0 0 0 0 0 0	16 15 10 0 0 0 0 0 0	16 20 2 0 0 0 0 0 0	17 10 8 0 0 0 0 0 0	17 15 10 0 0 0 0 0 0	17 20 2 0 0 0 0 0 0	18 10 8 0 0 0 0 0 0	18 15 10 0 0 0 0 0 0	18 20 2 0 0 0 0 0 0	19 10 0 0 0 0 0 0 0	19 11 4 0 0 0 0 0 0	19 12 4 0 0 0 0 0 0	19 13 4 0 0 0 0 0 0	19 14 4 0 0 0 0 0 0	19 15 0 0 0 0 0 0 0	19 16 4 0 0 0 0 0 0	19 17 4 0 0 0 0 0 0	19 18 4 0 0 0 0 0 0	19 19 4 0 0 0 0 0 0	19 20 0 0 0 0 0 0 0	
9 10 0 0 0 0 0 0 0	9 11 32 0 0 0 0 0 0	9 12 32 0 0 0 0 0 0	9 13 32 0 0 0 0 0 0	9 14 32 0 0 0 0 0 0	9 15 0 0 0 0 0 0 0	9 16 32 0 0 0 0 0 0	9 17 32 0 0 0 0 0 0	9 18 32 0 0 0 0 0 0	9 19 32 0 0 0 0 0 0	9 20 0 0 0 0 0 0 0	10 10 8 0 0 0 0 0 0	10 15 10 0 0 0 0 0 0	10 20 2 0 0 0 0 0 0	11 10 8 0 0 0 0 0 0	11 15 10 0 0 0 0 0 0	11 20 2 0 0 0 0 0 0	12 10 8 0 0 0 0 0 0	12 15 10 0 0 0 0 0 0	12 20 2 0 0 0 0 0 0	13 10 8 0 0 0 0 0 0	13 15 10 0 0 0 0 0 0	13 20 2 0 0 0 0 0 0	14 10 0 0 0 0 0 0 0	14 11 36 0 0 0 0 0 0	14 12 36 0 0 0 0 0 0	14 13 36 0 0 0 0 0 0	14 14 36 0 0 0 0 0 0	14 15 0 0 0 0 0 0 0	14 16 36 0 0 0 0 0 0	14 17 36 0 0 0 0 0 0	14 18 36 0 0 0 0 0 0	14 19 36 0 0 0 0 0 0	14 20 0 0 0 0 0 0 0	15 10 8 0 0 0 0 0 0	15 15 10 0 0 0 0 0 0	15 20 2 0 0 0 0 0 0	16 10 8 0 0 0 0 0 0	16 15 10 0 0 0 0 0 0	16 20 2 0 0 0 0 0 0	17 10 8 0 0 0 0 0 0	17 15 10 0 0 0 0 0 0	17 20 2 0 0 0 0 0 0	18 10 8 0 0 0 0 0 0	18 15 10 0 0 0 0 0 0	18 20 2 0 0 0 0 0 0	19 10 0 0 0 0 0 0 0	19 11 4 0 0 0 0 0 0	19 12 4 0 0 0 0 0 0	19 13 4 0 0 0 0 0 0	19 14 4 0 0 0 0 0 0	19 15 0 0 0 0 0 0 0	19 16 4 0 0 0 0 0 0	19 17 4 0 0 0 0 0 0	19 18 4 0 0 0 0 0 0	19 19 4 0 0 0 0 0 0	19 20 0 0 0 0 0 0 0	
9 10 0 1 11 10 1 5 1	9 11 32 1 1 10 25 5 1	9 12 32 0 0 0 0 0 0	9 13 32 0 0 0 0 0 0	9 14 32 0 0 0 0 0 0	9 15 0 0 0 0 0 0 0	9 16 32 0 0 0 0 0 0	9 17 32 0 0 0 0 0 0	9 18 32 0 0 0 0 0 0	9 19 32 0 0 0 0 0 0	9 20 0 0 0 0 0 0 0	10 10 8 1 11 1 1 5 24	10 15 10 1 1 1 1 5 24	10 20 2 1 1 1 16 5 24	11 10 8 0 0 0 0 0 0	11 15 10 0 0 0 0 0 0	11 20 2 0 0 0 0 0 0	12 10 8 0 0 0 0 0 0	12 15 10 0 0 0 0 0 0	12 20 2 0 0 0 0 0 0	13 10 8 0 0 0 0 0 0	13 15 10 0 0 0 0 0 0	13 20 2 0 0 0 0 0 0	14 10 0 0 0 0 0 0 0	14 11 36 1 1 1 25 5 1	14 12 36 0 0 0 0 0 0	14 13 36 0 0 0 0 0 0	14 14 36 0 0 0 0 0 0	14 15 0 0 0 0 0 0 0	14 16 36 0 0 0 0 0 0	14 17 36 0 0 0 0 0 0	14 18 36 0 0 0 0 0 0	14 19 36 0 0 0 0 0 0	14 20 0 0 0 0 0 0 0	15 10 8 0 0 0 0 0 0	15 15 10 0 0 0 0 0 0	15 20 2 0 0 0 0 0 0	16 10 8 0 0 0 0 0 0	16 15 10 0 0 0 0 0 0	16 20 2 0 0 0 0 0 0	17 10 8 0 0 0 0 0 0	17 15 10 0 0 0 0 0 0	17 20 2 0 0 0 0 0 0	18 10 8 0 0 0 0 0 0	18 15 10 0 0 0 0 0 0	18 20 2 0 0 0 0 0 0	19 10 0 0 0 0 0 0 0	19 11 4 1 1 1 25 5 15	19 12 4 0 0 0 0 0 0	19 13 4 0 0 0 0 0 0	19 14 4 0 0 0 0 0 0	19 15 0 0 0 0 0 0 0	19 16 4 0 0 0 0 0 0	19 17 4 0 0 0 0 0 0	19 18 4 0 0 0 0 0 0	19 19 4 0 0 0 0 0 0	19 20 0 0 0 0 0 0 0	
9 10 0 0 0 0 0 0 0	9 11 32 0 0 0 0 0 0	9 12 32 0 0 0 0 0 0	9 13 32 0 0 0 0 0 0	9 14 32 0 0 0 0 0 0	9 15 0 0 0 0 0 0 0	9 16 32 0 0 0 0 0 0	9 17 32 0 0 0 0 0 0	9 18 32 0 0 0 0 0 0	9 19 32 0 0 0 0 0 0	9 20 0 0 0 0 0 0 0	10 10 8 0 0 0 0 0 0	10 15 10 0 0 0 0 0 0	10 20 2 0 0 0 0 0 0	11 10 8 0 0 0 0 0 0	11 15 10 0 0 0 0 0 0	11 20 2 0 0 0 0 0 0	12 10 8 0 0 0 0 0 0	12 15 10 0 0 0 0 0 0	12 20 2 0 0 0 0 0 0	13 10 8 0 0 0 0 0 0	13 15 10 0 0 0 0 0 0	13 20 2 0 0 0 0 0 0	14 10 0 0 0 0 0 0 0	14 11 36 0 0 0 0 0 0	14 12 36 0 0 0 0 0 0	14 13 36 0 0 0 0 0 0	14 14 36 0 0 0 0 0 0	14 15 0 0 0 0 0 0 0	14 16 36 0 0 0 0 0 0	14 17 36 0 0 0 0 0 0	14 18 36 0 0 0 0 0 0	14 19 36 0 0 0 0 0 0	14 20 0 0 0 0 0 0 0	15 10 8 0 0 0 0 0 0	15 15 10 0 0 0 0 0 0	15 20 2 0 0 0 0 0 0	16 10 8 0 0 0 0 0 0	16 15 10 0 0 0 0 0 0	16 20 2 0 0 0 0 0 0	17 10 8 0 0 0 0 0 0	17 15 10 0 0 0 0 0 0	17 20 2 0 0 0 0 0 0	18 10 8 0 0 0 0 0 0	18 15 10 0 0 0 0 0 0	18 20 2 0 0 0 0 0 0	19 10 0 0 0 0 0 0 0	19 11 4 0 0 0 0 0 0	19 12 4 0 0 0 0 0 0	19 13 4 0 0 0 0 0 0	19 14 4 0 0 0 0 0 0	19 15 0 0 0 0 0 0 0	19 16 4 0 0 0 0 0 0	19 17 4 0 0 0 0 0 0	19 18 4 0 0 0 0 0 0	19 19 4 0 0 0 0 0 0	19 20 0 0 0 0 0 0 0	
9 10 0 0 0 0 0 0 0	9 11 32 0 0 0 0 0 0	9 12 32 0 0 0 0 0 0	9 13 32 0 0 0 0 0 0	9 14 32 0 0 0 0 0 0	9 15 0 0 0 0 0 0 0	9 16 32 0 0 0 0 0 0	9 17 32 0 0 0 0 0 0	9 18 32 0 0 0 0 0 0	9 19 32 0 0 0 0 0 0	9 20 0 0 0 0 0 0 0	10 10 8 0 0 0 0 0 0	10 15 10 0 0 0 0 0 0	10 20 2 0 0 0 0 0 0	11 10 8 0 0 0 0 0 0	11 15 10 0 0 0 0 0 0	11 20 2 0 0 0 0 0 0	12 10 8 0 0 0 0 0 0	12 15 10 0 0 0 0 0 0	12 20 2 0 0 0 0 0 0	13 10 8 0 0 0 0 0 0	13 15 10 0 0 0 0 0 0	13 20 2 0 0 0 0 0 0	14 10 0 0 0 0 0 0 0	14 11 36 0 0 0 0 0 0	14 12 36 0 0 0 0 0 0	14 13 36 0 0 0 0 0 0	14 14 36 0 0 0 0 0 0	14 15 0 0 0 0 0 0 0	14 16 36 0 0 0 0 0 0	14 17 36 0 0 0 0 0 0	14 18 36 0 0 0 0 0 0	14 19 36 0 0 0 0 0 0	14 20 0 0 0 0 0 0 0	15 10 8 0 0 0 0 0 0	15 15 10 0 0 0 0 0 0	15 20 2 0 0 0 0 0 0	16 10 8 0 0 0 0 0 0	16 15 10 0 0 0 0 0 0	16 20 2 0 0 0 0 0 0	17 10 8 0 0 0 0 0 0	17 15 10 0 0 0 0 0 0	17 20 2 0 0 0 0 0 0	18 10 8 0 0 0 0 0 0	18 15 10 0 0 0 0 0 0	18 20 2 0 0 0 0 0 0	19 10 0 0 0 0 0 0 0	19 11 4 0 0 0 0 0 0	19 12 4 0 0 0 0 0 0	19 13 4 0 0 0 0 0 0	19 14 4 0 0 0 0 0 0	19 15 0 0 0 0 0 0 0	19 16 4 0 0 0 0 0 0	19 17 4 0 0 0 0 0 0	19 18 4 0 0 0 0 0 0	19 19 4 0 0 0 0 0 0	19 20 0 0 0 0 0 0 0	
9 10 0 0 0 0 0 0 0	9 11 32 0 0 0 0 0 0	9 12 32 0 0 0 0 0 0	9 13 32 0 0 0 0 0 0	9 14 32 0 0 0 0 0 0	9 15 0 0 0 0 0 0 0	9 16 32 0 0 0 0 0 0	9 17 32 0 0 0 0 0 0	9 18 32 0 0 0 0 0 0	9 19 32 0 0 0 0 0 0	9 20 0 0 0 0 0 0 0	10 10 8 0 0 0 0 0 0	10 15 10 0 0 0 0 0 0	10 20 2 0 0 0 0 0 0	11 10 8 0 0 0 0 0 0	11 15 10 0 0 0 0 0 0	11 20 2 0 0 0 0 0 0	12 10 8 0 0 0 0 0 0	12 15 10 0 0 0 0 0 0	12 20 2 0 0 0 0 0 0	13 10 8 0 0 0 0 0 0	13 15 10 0 0 0 0 0 0	13 20 2 0 0 0 0 0 0	14 10 0 0 0 0 0 0 0	14 11 36 0 0 0 0 0 0	14 12 36 0 0 0 0 0 0	14 13 36 0 0 0 0 0 0	14 14 36 0 0 0 0 0 0	14 15 0 0 0 0 0 0 0	14 16 36 0 0 0 0 0 0	14 17 36 0 0 0 0 0 0	14 18 36 0 0 0 0 0 0	14 19 36 0 0 0 0 0 0	14 20 0 0 0 0 0 0 0	15 10 8 0 0 0 0 0 0	15 15 10 0 0 0 0 0 0	15 20 2 0 0 0 0 0 0	16 10 8 0 0 0 0 0 0	16 15 10 0 0 0 0 0 0	16 20 2 0 0 0 0 0 0	17 10 8 0 0 0 0 0 0	17 15 10 0 0 0 0 0 0	17 20 2 0 0 0 0 0 0	18 10 8 0 0 0 0 0 0	18 15 10 0 0 0 0 0 0	18 20 2 0 0 0 0 0 0	19 10 0 0 0 0 0 0 0	19 11 4 0 0 0 0 0 0	19 12 4 0 0 0 0 0 0	19 13 4 0 0 0 0 0 0	19 14 4 0 0 0 0 0 0	19 15 0 0 0 0 0 0 0	19 16 4 0 0 0 0 0 0	19 17 4 0 0 0 0 0 0	19 18 4 0 0 0 0 0 0	19 19 4 0 0 0 0 0 0	19 20 0 0 0 0 0 0 0	
9 10 0 0 0 0 0 0 0	9 11 32 0 0 0 0 0 0	9 12 32 0 0 0 0 0 0	9 13 32 0 0 0 0 0 0	9 14 32 0 0 0 0 0 0	9 15 0 0 0 0 0 0 0	9 16 32 0 0 0 0 0 0	9 17 32 0 0 0 0 0 0	9 18 32 0 0 0 0 0 0	9 19 32 0 0 0 0 0 0	9 20 0 0 0 0 0 0 0	10 10 8 0 0 0 0 0 0	10 15 10 0 0 0 0 0 0	10 20 2 0 0 0 0 0 0	11 10 8 0 0 0 0 0 0	11 15 10 0 0 0 0 0 0	11 20 2 0 0 0 0 0 0	12 10 8 0 0 0 0 0 0	12 15 10 0 0 0 0 0 0	12 20 2 0 0 0 0 0 0	13 10 8 0 0 0 0 0 0	13 15 10 0 0 0 0 0 0	13 20 2 0 0 0 0 0 0	14 10 0 0 0 0 0 0 0	14 11 36 0 0 0 0 0 0	14 12 36 0 0 0 0 0 0	14 13 36 0 0 0 0 0 0	14 14 36 0 0 0 0 0 0	14 15 0 0 0 0 0 0 0	14 16 36 0 0 0 0 0 0	14 17 36 0 0 0 0 0 0	14 18 36 0 0 0 0 0 0	14 19 36 0 0 0 0 0 0	14 20 0 0 0 0 0 0 0	15 10 8 0 0 0 0 0 0	15 15 10 0 0 0 0 0 0	15 20 2 0 0 0 0 0 0	16 10 8 0 0 0 0 0 0	16 15 10 0 0 0 0 0 0	16 20 2 0 0 0 0 0 0	17 10 8 0 0 0 0 0 0	17 15 10 0 0 0 0 0 0	17 20 2 0 0 0 0 0 0	18 10 8 0 0 0 0 0 0	18 15 10 0 0 0 0 0 0	18 20 2 0 0 0 0 0 0	19 10 0 0 0 0 0 0 0	19 11 4 0 0 0 0 0 0	19 12 4 0 0 0 0 0 0	19 13 4 0 0 0 0 0 0	19 14 4 0 0 0 0 0 0	19 15 0 0 0 0 0 0 0	19 16 4 0 0 0 0 0 0	19 17 4 0 0 0 0 0 0	19 18 4 0 0 0 0 0 0	19 19 4 0 0 0 0 0 0	19 20 0 0 0 0 0 0 0	
9 10 0 1 11 10 1 5 1	9 11 32 1 1 10 25 5 1	9 12 32 0 0 0 0 0 0	9 13 32 0 0 0 0 0 0	9 14 32 0 0 0 0 0 0	9 15 0 0 0 0 0 0 0	9 16 32 0 0 0 0 0 0	9 17 32 0 0 0 0 0 0	9 18 32 0 0 0 0 0 0	9 19 32 0 0 0 0 0 0	9 20 0 0 0 0 0 0 0	10 10 8 1 11 1 1 5 24	10 15 10 1 1 1 1 5 24	10 20 2 1 1 1 16 5 24	11 10 8 0 0 0 0 0 0	11 15 10 0 0 0 0 0 0	11 20 2 0 0 0 0 0 0	12 10 8 0 0 0 0 0 0	12 15 10 0 0 0 0 0 0	12 20 2 0 0 0 0 0 0	13 10 8 0 0 0 0 0 0	13 15 10 0 0 0 0 0 0	13 20 2 0 0 0 0 0 0	14 10 0 0 0 0 0 0 0	14 11 36 1 1 1 25 5 1	14 12 36 0 0 0 0 0 0	14 13 36 0 0 0 0 0 0	14 14 36 0 0 0 0 0 0	14 15 0 0 0 0 0 0 0	14 16 36 0 0 0 0 0 0	14 17 36 0 0 0 0 0 0	14 18 36 0 0 0 0 0 0	14 19 36 0 0 0 0 0 0	14 20 0 0 0 0 0 0 0	15 10 8 0 0 0 0 0 0	15 15 10 0 0 0 0 0 0	15 20 2 0 0 0 0 0 0	16 10 8 0 0 0 0 0 0	16 15 10 0 0 0 0 0 0	16 20 2 0 0 0 0 0 0	17 10 8 0 0 0 0 0 0	17 15 10 0 0 0 0 0 0	17 20 2 0 0 0 0 0 0	18 10 8 0 0 0 0 0 0	18 15 10 0 0 0 0 0 0	18 20 2 0 0 0 0 0 0	19 10 0 0 0 0 0 0 0	19 11 4 1 1 1 25 5 15	19 12 4 0 0 0 0 0 0	19 13 4 0 0 0 0 0 0	19 14 4 0 0 0 0 0 0	19 15 0 0 0 0 0 0 0	19 16 4 0 0 0 0 0 0	19 17 4 0 0 0 0 0 0	19 18 4 0 0 0 0 0 0	19 19 4 0 0 0 0 0 0	19 20 0 0 0 0 0 0 0	
9 10 0 0 0 0 0 0 0	9 11 32 0 0 0 0 0 0	9 12 32 0 0 0 0 0 0	9 13 32 0 0 0 0 0 0	9 14 32 0 0 0 0 0 0	9 15 0 0 0 0 0 0 0	9 16 32 0 0 0 0 0 0	9 17 32 0 0 0 0 0 0	9 18 32 0 0 0 0 0 0	9 19 32 0 0 0 0 0 0	9 20 0 0 0 0 0 0 0	10 10 8 0 0 0 0 0 0	10 15 10 0 0 0 0 0 0	10 20 2 0 0 0 0 0 0	11 10 8 0 0 0 0 0 0	11 15 10 0 0 0 0 0 0	11 20 2 0 0 0 0 0 0	12 10 8 0 0 0 0 0 0	12 15 10 0 0 0 0 0 0	12 20 2 0 0 0 0 0 0	13 10 8 0 0 0 0 0 0	13 15 10 0 0 0 0 0 0	13 20 2 0 0 0 0 0 0	14 10 0 0 0 0 0 0 0	14 11 36 0 0 0 0 0 0	14 12 36 0 0 0 0 0 0	14 13 36 0 0 0 0 0 0	14 14 36 0 0 0 0 0 0	14 15 0 0 0 0 0 0 0	14 16 36 0 0 0 0 0 0	14 17 36 0 0 0 0 0 0	14 18 36 0 0 0 0 0 0	14 19 36 0 0 0 0 0 0	14 20 0 0 0 0 0 0 0	15 10 8 0 0 0 0 0 0	15 15 10 0 0 0 0 0 0	15 20 2 0 0 0 0 0 0	16 10 8 0 0 0 0 0 0	16 15 10 0 0 0 0 0 0	16 20 2 0 0 0 0 0 0	17 10 8 0 0 0 0 0 0	17 15 10 0 0 0 0 0 0	17 20 2 0 0 0 0 0 0	18 10 8 0 0 0 0 0 0	18 15 10 0 0 0 0 0 0	18 20 2 0 0 0 0 0 0	19 10 0 0 0 0 0 0 0	19 11 4 0 0 0 0 0 0	19 12 4 0 0 0 0 0 0	19 13 4 0 0 0 0 0 0	19 14 4 0 0 0 0 0 0	19 15 0 0 0 0 0 0 0	19 16 4 0 0 0 0 0 0	19 17 4 0 0 0 0 0 0	19 18 4 0 0 0 0 0 0	19 19 4 0 0 0 0 0 0	19 20 0 0 0 0 0 0 0	
9 10 0 0 0 0 0 0 0	9 11 32 0 0 0 0 0 0	9 12 32 0 0 0 0 0 0	9 13 32 0 0 0 0 0 0	9 14 32 0 0 0 0 0 0	9 15 0 0 0 0 0 0 0	9 16 32 0 0 0 0 0 0	9 17 32 0 0 0 0 0 0	9 18 32 0 0 0 0 0 0	9 19 32 0 0 0 0 0 0	9 20 0 0 0 0 0 0 0	10 10 8 0 0 0 0 0 0	10 15 10 0 0 0 0 0 0	10 20 2 0 0 0 0 0 0	11 10 8 0 0 0 0 0 0	11 15 10 0 0 0 0 0 0	11 20 2 0 0 0 0 0 0	12 10 8 0 0 0 0 0 0	12 15 10 0 0 0 0 0 0	12 20 2 0 0 0 0 0 0	13 10 8 0 0 0 0 0 0	13 15 10 0 0 0 0 0 0	13 20 2 0 0 0 0 0 0	14 10 0 0 0 0 0 0 0	14 11 36 0 0 0 0 0 0	14 12 36 0 0 0 0 0 0	14 13 36 0 0 0 0 0 0	14 14 36 0 0 0 0 0 0	14 15 0 0 0 0 0 0 0	14 16 36 0 0 0 0 0 0	14 17 36 0 0 0 0 0 0	14 18 36 0 0 0 0 0 0	14 19 36 0 0 0 0 0 0	14 20 0 0 0 0 0 0 0	15 10 8 0 0 0 0 0 0	15 15 10 0 0 0 0 0 0	15 20 2 0 0 0 0 0 0	16 10 8 0 0 0 0 0 0	16 15 10 0 0 0 0 0 0	16 20 2 0 0 0 0 0 0	17 10 8 0 0 0 0 0 0	17 15 10 0 0 0 0 0 0	17 20 2 0 0 0 0 0 0	18 10 8 0 0 0 0 0 0	18 15 10 0 0 0 0 0 0	18 20 2 0 0 0 0 0 0	19 10 0 0 0 0 0 0 0	19 11 4 0 0 0 0 0 0	19 12 4 0 0 0 0 0 0	19 13 4 0 0 0 0 0 0	19 14 4 0 0 0 0 0 0	19 15 0 0 0 0 0 0 0	19 16 4 0 0 0 0 0 0	19 17 4 0 0 0 0 0 0	19 18 4 0 0 0 0 0 0	19 19 4 0 0 0 0 0 0	19 20 0 0 0 0 0 0 0	
9 10 0 0 0 0 0 0 0	9 11 32 0 0 0 0 0 0	9 12 32 0 0 0 0 0 0	9 13 32 0 0 0 0 0 0	9 14 32 0 0 0 0 0 0	9 15 0 0 0 0 0 0 0	9 16 32 0 0 0 0 0 0	9 17 32 0 0 0 0 0 0	9 18 32 0 0 0 0 0 0	9 19 32 0 0 0 0 0 0	9 20 0 0 0 0 0 0 0	10 10 8 0 0 0 0 0 0	10 15 10 0 0 0 0 0 0	10 20 2 0 0 0 0 0 0	11 10 8 0 0 0 0 0 0	11 15 10 0 0 0 0 0 0	11 20 2 0 0 0 0 0 0	12 10 8 0 0 0 0 0 0	12 15 10 0 0 0 0 0 0	12 20 2 0 0 0 0 0 0	13 10 8 0 0 0 0 0 0	13 15 10 0 0 0 0 0 0	13 20 2 0 0 0 0 0 0	14 10 0 0 0 0 0 0 0	14 11 36 0 0 0 0 0 0	14 12 36 0 0 0 0 0 0	14 13 36 0 0 0 0 0 0	14 14 36 0 0 0 0 0 0	14 15 0 0 0 0 0 0 0	14 16 36 0 0 0 0 0 0	14 17 36 0 0 0 0 0 0	14 18 36 0 0 0 0 0 0	14 19 36 0 0 0 0 0 0	14 20 0 0 0 0 0 0 0	15 10 8 0 0 0 0 0 0	15 15 10 0 0 0 0 0 0	15 20 2 0 0 0 0 0 0	16 10 8 0 0 0 0 0 0	16 15 10 0 0 0 0 0 0	16 20 2 0 0 0 0 0 0	17 10 8 0 0 0 0 0 0	17 15 10 0 0 0 0 0 0	17 20 2 0 0 0 0 0 0	18 10 8 0 0 0 0 0 0	18 15 10 0 0 0 0 0 0	18 20 2 0 0 0 0 0 0	19 10 0 0 0 0 0 0 0	19 11 4 0 0 0 0 0 0	19 12 4 0 0 0 0 0 0	19 13 4 0 0 0 0 0 0	19 14 4 0 0 0 0 0 0	19 15 0 0 0 0 0 0 0	19 16 4 0 0 0 0 0 0	19 17 4 0 0 0 0 0 0	19 18 4 0 0 0 0 0 0	19 19 4 0 0 0 0 0 0	19 20 0 0 0 0 0 0 0	
9 10 0 0 0 0 0 0 0	9 11 32 0 0 0 0 0 0	9 12 32 0 0 0 0 0 0	9 13 32 0 0 0 0 0 0	9 14 32 0 0 0 0 0 0	9 15 0 0 0 0 0 0 0	9 16 32 0 0 0 0 0 0	9 17 32 0 0 0 0 0 0	9 18 32 0 0 0 0 0 0	9 19 32 0 0 0 0 0 0	9 20 0 0 0 0 0 0 0	10 10 8 0 0 0 0 0 0	10 15 10 0 0 0 0 0 0	10 20 2 0 0 0 0 0 0	11 10 8 0 0 0 0 0 0	11 15 10 0 0 0 0 0 0	11 20 2 0 0 0 0 0 0	12 10 8 0 0 0 0 0 0	12 15 10 0 0 0 0 0 0	12 20 2 0 0 0 0 0 0	13 10 8 0 0 0 0 0 0	13 15 10 0 0 0 0 0 0	13 20 2 0 0 0 0 0 0	14 10 0 0 0 0 0 0 0	14 11 36 0 0 0 0 0 0	14 12 36 0 0 0 0 0 0	14 13 36 0 0 0 0 0 0	14 14 36 0 0 0 0 0 0	14 15 0 0 0 0 0 0 0	14 16 36 0 0 0 0 0 0	14 17 36 0 0 0 0 0 0	14 18 36 0 0 0 0 0 0	14 19 36 0 0 0 0 0 0	14 20 0 0 0 0 0 0 0	15 10 8 0 0 0 0 0 0	15 15 10 0 0 0 0 0 0	15 20 2 0 0 0 0 0 0	16 10 8 0 0 0 0 0 0	16 15 10 0 0 0 0 0 0	16 20 2 0 0 0 0 0 0	17 10 8 0 0 0 0 0 0	17 15 10 0 0 0 0 0 0	17 20 2 0 0 0 0 0 0	18 10 8 0 0 0 0 0 0	18 15 10 0 0 0 0 0 0	18 20 2 0 0 0 0 0 0	19 10 0 0 0 0 0 0 0	19 11 4 0 0 0 0 0 0	19 12 4 0 0 0 0 0 0	19 13 4 0 0 0 0 0 0	19 14 4 0 0 0 0 0 0	19 15 0 0 0 0 0 0 0	19 16 4 0 0 0 0 0 0	19 17 4 0 0 0 0 0 0	19 18 4 0 0 0 0 0 0	19 19 4 0 0 0 0 0 0	19 20 0 0 0 0 0 0 0	
9 10 0 1 11 10 1 5 1	9 11 32 1 1 10 25 5 1	9 12 32 0 0 0 0 0 0	9 13 32 0 0 0 0 0 0	9 14 32 0 0 0 0 0 0	9 15 0 0 0 0 0 0 0	9 16 32 0 0 0 0 0 0	9 17 32 0 0 0 0 0 0	9 18 32 0 0 0 0 0 0	9 19 32 0 0 0 0 0 0	9 20 0 0 0 0 0 0 0	10 10 8 1 11 1 1 5 24	10 15 10 1 1 1 1 5 24	10 20 2 1 1 1 16 5 24	11 10 8 0 0 0 0 0 0	11 15 10 0 0 0 0 0 0	11 20 2 0 0 0 0 0 0	12 10 8 0 0 0 0 0 0	12 15 10 0 0 0 0 0 0	12 20 2 0 0 0 0 0 0	13 10 8 0 0 0 0 0 0	13 15 10 0 0 0 0 0 0	13 20 2 0 0 0 0 0 0	14 10 0 0 0 0 0 0 0	14 11 36 1 1 1 25 5 1	14 12 36 0 0 0 0 0 0	14 13 36 0 0 0 0 0 0	14 14 36 0 0 0 0 0 0	14 15 0 0 0 0 0 0 0	14 16 36 0 0 0 0 0 0	14 17 36 0 0 0 0 0 0	14 18 36 0 0 0 0 0 0	14 19 36 0 0 0 0 0 0	14 20 0 0 0 0 0 0 0	15 10 8 0 0 0 0 0 0	15 15 10 0 0 0 0 0 0	15 20 2 0 0 0 0 0 0	16 10 8 0 0 0 0 0 0	16 15 10 0 0 0 0 0 0	16 20 2 0 0 0 0 0 0	17 10 8 0 0 0 0 0 0	17 15 10 0 0 0 0 0 0	17 20 2 0 0 0 0 0 0	18 10 8 0 0 0 0 0 0	18 15 10 0 0 0 0 0 0	18 20 2 0 0 0 0 0 0	19 10 0 0 0 0 0 0 0	19 11 4 1 1 1 25 5 15	19 12 4 0 0 0 0 0 0	19 13 4 0 0 0 0 0 0	19 14 4 0 0 0 0 0 0	19 15 0 0 0 0 0 0 0	19 16 4 0 0 0 0 0 0	19 17 4 0 0 0 0 0 0	19 18 4 0 0 0 0 0 0	19 19 4 0 0 0 0 0 0	19 20 0 0 0 0 0 0 0	
9 10 0 0 0 0 0 0 0	9 11 32 0 0 0 0 0 0	9 12 32 0 0 0 0 0 0	9 13 32 0 0 0 0 0 0	9 14 32 0 0 0 0 0 0	9 15 0 0 0 0 0 0 0	9 16 32 0 0 0 0 0 0	9 17 32 0 0 0 0 0 0	9 18 32 0 0 0 0 0 0	9 19 32 0 0 0 0 0 0	9 20 0 0 0 0 0 0 0	10 10 8 0 0 0 0 0 0	10 15 10 0 0 0 0 0 0	10 20 2 0 0 0 0 0 0	11 10 8 0 0 0 0 0 0	11 15 10 0 0 0 0 0 0	11 20 2 0 0 0 0 0 0	12 10 8 0 0 0 0 0 0	12 15 10 0 0 0 0 0 0	12 20 2 0 0 0 0 0 0	13 10 8 0 0 0 0 0 0	13 15 10 0 0 0 0 0 0	13 20 2 0 0 0 0 0 0	14 10 0 0 0 0 0 0 0	14 11 36 0 0 0 0 0 0	14 12 36 0 0 0 0 0 0	14 13 36 0 0 0 0 0 0	14 14 36 0 0 0 0 0 0	14 15 0 0 0 0 0 0 0	14 16 36 0 0 0 0 0 0	14 17 36 0 0 0 0 0 0	14 18 36 0 0 0 0 0 0	14 19 36 0 0 0 0 0 0	14 20 0 0 0 0 0 0 0	15 10 8 0 0 0 0 0 0	15 15 10 0 0 0 0 0 0	15 20 2 0 0 0 0 0 0	16 10 8 0 0 0 0 0 0	16 15 10 0 0 0 0 0 0	16 20 2 0 0 0 0 0 0	17 10 8 0 0 0 0 0 0	17 15 10 0 0 0 0 0 0	17 20 2 0 0 0 0 0 0	18 10 8 0 0 0 0 0 0	18 15 10 0 0 0 0 0 0	18 20 2 0 0 0 0 0 0	19 10 0 0 0 0 0 0 0	19 11 4 0 0 0 0 0 0	19 12 4 0 0 0 0 0 0	19 13 4 0 0 0 0 0 0	19 14 4 0 0 0 0 0 0	19 15 0 0 0 0 0 0 0	19 16 4 0 0 0 0 0 0	19 17 4 0 0 0 0 0 0	19 18 4 0 0 0 0 0 0	19 19 4 0 0 0 0 0 0	19 20 0 0 0 0 0 0 0	
9 10 0 0 0 0 0 0 0	9 11 32 0 0 0 0 0 0	9 12 32 0 0 0 0 0 0	9 13 32 0 0 0 0 0 0	9 14 32 0 0 0 0 0 0	9 15 0 0 0 0 0 0 0	9 16 32 0 0 0 0 0 0	9 17 32 0 0 0 0 0 0	9 18 32 0 0 0 0 0 0	9 19 32 0 0 0 0 0 0	9 20 0 0 0 0 0 0 0	10 10 8 0 0 0 0 0 0	10 15 10 0 0 0 0 0 0	10 20 2 0 0 0 0 0 0	11 10 8 0 0 0 0 0 0	11 15 10 0 0 0 0 0 0	11 20 2 0 0 0 0 0 0	12 10 8 0 0 0 0 0 0	12 15 10 0 0 0 0 0 0	12 20 2 0 0 0 0 0 0	13 10 8 0 0 0 0 0 0	13 15 10 0 0 0 0 0 0	13 20 2 0 0 0 0 0 0	14 10 0 0 0 0 0 0 0	14 11 36 0 0 0 0 0 0	14 12 36 0 0 0 0 0 0	14 13 36 0 0 0 0 0 0	14 14 36 0 0 0 0 0 0	14 15 0 0 0 0 0 0 0	14 16 36 0 0 0 0 0 0	14 17 36 0 0 0 0 0 0	14 18 36 0 0 0 0 0 0	14 19 36 0 0 0 0 0 0	14 20 0 0 0 0 0 0 0	15 10 8 0 0 0 0 0 0	15 15 10 0 0 0 0 0 0	15 20 2 0 0 0 0 0 0	16 10 8 0 0 0 0 0 0	16 15 10 0 0 0 0 0 0	16 20 2 0 0 0 0 0 0	17 10 8 0 0 0 0 0 0	17 15 10 0 0 0 0 0 0	17 20 2 0 0 0 0 0 0	18 10 8 0 0 0 0 0 0	18 15 10 0 0 0 0 0 0	18 20 2 0 0 0 0 0 0	19 10 0 0 0 0 0 0 0	19 11 4 0 0 0 0 0 0	19 12 4 0 0 0 0 0 0	19 13 4 0 0 0 0 0 0	19 14 4 0 0 0 0 0 0	19 15 0 0 0 0 0 0 0	19 16 4 0 0 0 0 0 0	19 17 4 0 0 0 0 0 0	19 18 4 0 0 0 0 0 0	19 19 4 0 0 0 0 0 0	19 20 0 0 0 0 0 0 0	
9 10 0 0 0 0 0 0 0	9 11 32 0 0 0 0 0 0	9 12 32 0 0 0 0 0 0	9 13 32 0 0 0 0 0 0	9 14 32 0 0 0 0 0 0	9 15 0 0 0 0 0 0 0	9 16 32 0 0 0 0 0 0	9 17 32 0 0 0 0 0 0	9 18 32 0 0 0 0 0 0	9 19 32 0 0 0 0 0 0	9 20 0 0 0 0 0 0 0	10 10 8 0 0 0 0 0 0	10 15 10 0 0 0 0 0 0	10 20 2 0 0 0 0 0 0	11 10 8 0 0 0 0 0 0	11 15 10 0 0 0 0 0 0	11 20 2 0 0 0 0 0 0	12 10 8 0 0 0 0 0 0	12 15 10 0 0 0 0 0 0	12 20 2 0 0 0 0 0 0	13 10 8 0 0 0 0 0 0	13 15 10 0 0 0 0 0 0	13 20 2 0 0 0 0 0 0	14 10 0 0 0 0 0 0 0	14 11 36 0 0 0 0 0 0	14 12 36 0 0 0 0 0 0	14 13 36 0 0 0 0 0 0	14 14 36 0 0 0 0 0 0	14 15 0 0 0 0 0 0 0	14 16 36 0 0 0 0 0 0	14 17 36 0 0 0 0 0 0	14 18 36 0 0 0 0 0 0	14 19 36 0 0 0 0 0 0	14 20 0 0 0 0 0 0 0	15 10 8 0 0 0 0 0 0	15 15 10 0 0 0 0 0 0	15 20 2 0 0 0 0 0 0	16 10 8 0 0 0 0 0 0	16 15 10 0 0 0 0 0 0	16 20 2 0 0 0 0 0 0	17 10 8 0 0 0 0 0 0	17 15 10 0 0 0 0 0 0	17 20 2 0 0 0 0 0 0	18 10 8 0 0 0 0 0 0	18 15 10 0 0 0 0 0 0	18 20 2 0 0 0 0 0 0	19 10 0 0 0 0 0 0 0	19 11 4 0 0 0 0 0 0	19 12 4 0 0 0 0 0 0	19 13 4 0 0 0 0 0 0	19 14 4 0 0 0 0 0 0	19 15 0 0 0 0 0 0 0	19 16 4 0 0 0 0 0 0	19 17 4 0 0 0 0 0 0	19 18 4 0 0 0 0 0 0	19 19 4 0 0 0 0 0 0	19 20 0 0 0 0 0 0 0	
9 10 0 0 0 0 0 0 0	9 11 32 0 0 0 0 0 0	9 12 32 0 0 0 0 0 0	9 13 32 0 0 0 0 0 0	9 14 32 0 0 0 0 0 0	9 15 0 0 0 0 0 0 0	9 16 32 0 0 0 0 0 0	9 17 32 0 0 0 0 0 0	9 18 32 0 0 0 0 0 0	9 19 32 0 0 0 0 0 0	9 20 0 0 0 0 0 0 0	10 10 8 0 0 0 0 0 0	10 15 10 0 0 0 0 0 0	10 20 2 0 0 0 0 0 0	11 10 8 0 0 0 0 0 0	11 15 10 0 0 0 0 0 0	11 20 2 0 0 0 0 0 0	12 10 8 0 0 0 0 0 0	12 15 10 0 0 0 0 0 0	12 20 2 0 0 0 0 0 0	13 10 8 0 0 0 0 0 0	13 15 10 0 0 0 0 0 0	13 20 2 0 0 0 0 0 0	14 10 0 0 0 0 0 0 0	14 11 36 0 0 0 0 0 0	14 12 36 0 0 0 0 0 0	14 13 36 0 0 0 0 0 0	14 14 36 0 0 0 0 0 0	14 15 0 0 0 0 0 0 0	14 16 36 0 0 0 0 0 0	14 17 36 0 0 0 0 0 0	14 18 36 0 0 0 0 0 0	14 19 36 0 0 0 0 0 0	14 20 0 0 0 0 0 0 0	15 10 8 0 0 0 0 0 0	15 15 10 0 0 0 0 0 0	15 20 2 0 0 0 0 0 0	16 10 8 0 0 0 0 0 0	16 15 10 0 0 0 0 0 0	16 20 2 0 0 0 0 0 0	17 10 8 0 0 0 0 0 0	17 15 10 0 0 0 0 0 0	17 20 2 0 0 0 0 0 0	18 10 8 0 0 0 0 0 0	18 15 10 0 0 0 0 0 0	18 20 2 0 0 0 0 0 0	19 10 0 0 0 0 0 0 0	19 11 4 0 0 0 0 0 0	19 12 4 0 0 0 0 0 0	19 13 4 0 0 0 0 0 0	19 14 4 0 0 0 0 0 0	19 15 0 0 0 0 0 0 0	19 16 4 0 0 0 0 0 0	19 17 4 0 0 0 0 0 0	19 18 4 0 0 0 0 0 0	19 19 4 0 0 0 0 0 0	19 20 0 0 0 0 0 0 0	
9 10 0 1 11 10 1 5 1	9 11 32 1 1 10 25 5 1	9 12 32 0 0 0 0 0 0	9 13 32 0 0 0 0 0 0	9 14 32 0 0 0 0 0 0	9 15 0 0 0 0 0 0 0	9 16 32 0 0 0 0 0 0	9 17 32 0 0 0 0 0 0	9 18 32 0 0 0 0 0 0	9 19 32 0 0 0 0 0 0	9 20 0 0 0 0 0 0 0	10 10 8 1 11 1 1 5 24	10 15 10 1 1 1 1 5 24	10 20 2 1 1 1 16 5 24	11 10 8 0 0 0 0 0 0	11 15 10 0 0 0 0 0 0	11 20 2 0 0 0 0 0 0	12 10 8 0 0 0 0 0 0	12 15 10 0 0 0 0 0 0	12 20 2 0 0 0 0 0 0	13 10 8 0 0 0 0 0 0	13 15 10 0 0 0 0 0 0	13 20 2 0 0 0 0 0 0	14 10 0 0 0 0 0 0 0	14 11 36 1 1 1 25 5 1	14 12 36 0 0 0 0 0 0	14 13 36 0 0 0 0 0 0	14 14 36 0 0 0 0 0 0	14 15 0 0 0 0 0 0 0	14 16 36 0 0 0 0 0 0	14 17 36 0 0 0 0 0 0	14 18 36 0 0 0 0 0 0	14 19 36 0 0 0 0 0 0	14 20 0 0 0 0 0 0 0	15 10 8 0 0 0 0 0 0	15 15 10 0 0 0 0 0 0	15 20 2 0 0 0 0 0 0	16 10 8 0 0 0 0 0 0	16 15 10 0 0 0 0 0 0	16 20 2 0 0 0 0 0 0	17 10 8 0 0 0 0 0 0	17 15 10 0 0 0 0 0 0	17 20 2 0 0 0 0 0 0	18 10 8 0 0 0 0 0 0	18 15 10 0 0 0 0 0 0	18 20 2 0 0 0 0 0 0	19 10 0 0 0 0 0 0 0	19 11 4 1 1 1 25 5 15	19 12 4 0 0 0 0 0 0	19 13 4 0 0 0 0 0 0	19 14 4 0 0 0 0 0 0	19 15 0 0 0 0 0 0 0	19 16 4 0 0 0 0 0 0	19 17 4 0 0 0 0 0 0	19 18 4 0 0 0 0 0 0	19 19 4 0 0 0 0 0 0	19 20 0 0 0 0 0 0 0	
9 10 0 0 0 0 0 0 0	9 11 32 0 0 0 0 0 0	9 12 32 0 0 0 0 0 0	9 13 32 0 0 0 0 0 0	9 14 32 0 0 0 0 0 0	9 15 0 0 0 0 0 0 0	9 16 32 0 0 0 0 0 0	9 17 32 0 0 0 0 0 0	9 18 32 0 0 0 0 0 0	9 19 32 0 0 0 0 0 0	9 20 0 0 0 0 0 0 0	10 10 8 0 0 0 0 0 0	10 15 10 0 0 0 0 0 0	10 20 2 0 0 0 0 0 0	11 10 8 0 0 0 0 0 0	11 15 10 0 0 0 0 0 0	11 20 2 0 0 0 0 0 0	12 10 8 0 0 0 0 0 0	12 15 10 0 0 0 0 0 0	12 20 2 0 0 0 0 0 0	13 10 8 0 0 0 0 0 0	13 15 10 0 0 0 0 0 0	13 20 2 0 0 0 0 0 0	14 10 0 0 0 0 0 0 0	14 11 36 0 0 0 0 0 0	14 12 36 0 0 0 0 0 0	14 13 36 0 0 0 0 0 0	14 14 36 0 0 0 0 0 0	14 15 0 0 0 0 0 0 0	14 16 36 0 0 0 0 0 0	14 17 36 0 0 0 0 0 0	14 18 36 0 0 0 0 0 0	14 19 36 0 0 0 0 0 0	14 20 0 0 0 0 0 0 0	15 10 8 0 0 0 0 0 0	15 15 10 0 0 0 0 0 0	15 20 2 0 0 0 0 0 0	16 10 8 0 0 0 0 0 0	16 15 10 0 0 0 0 0 0	16 20 2 0 0 0 0 0 0	17 10 8 0 0 0 0 0 0	17 15 10 0 0 0 0 0 0	17 20 2 0 0 0 0 0 0	18 10 8 0 0 0 0 0 0	18 15 10 0 0 0 0 0 0	18 20 2 0 0 0 0 0 0	19 10 0 0 0 0 0 0 0	19 11 4 0 0 0 0 0 0	19 12 4 0 0 0 0 0 0	19 13 4 0 0 0 0 0 0	19 14 4 0 0 0 0 0 0	19 15 0 0 0 0 0 0 0	19 16 4 0 0 0 0 0 0	19 17 4 0 0 0 0 0 0	19 18 4 0 0 0 0 0 0	19 19 4 0 0 0 0 0 0	19 20 0 0 0 0 0 0 0	
9 10 0 0 0 0 0 0 0	9 11 32 0 0 0 0 0 0	9 12 32 0 0 0 0 0 0	9 13 32 0 0 0 0 0 0	9 14 32 0 0 0 0 0 0	9 15 0 0 0 0 0 0 0	9 16 32 0 0 0 0 0 0	9 17 32 0 0 0 0 0 0	9 18 32 0 0 0 0 0 0	9 19 32 0 0 0 0 0 0	9 20 0 0 0 0 0 0 0	10 10 8 0 0 0 0 0 0	10 15 10 0 0 0 0 0 0	10 20 2 0 0 0 0 0 0	11 10 8 0 0 0 0 0 0	11 15 10 0 0 0 0 0 0	11 20 2 0 0 0 0 0 0	12 10 8 0 0 0 0 0 0	12 15 10 0 0 0 0 0 0	12 20 2 0 0 0 0 0 0	13 10 8 0 0 0 0 0 0	13 15 10 0 0 0 0 0 0	13 20 2 0 0 0 0 0 0	14 10 0 0 0 0 0 0 0	14 11 36 0 0 0 0 0 0	14 12 36 0 0 0 0 0 0	14 13 36 0 0 0 0 0 0	14 14 36 0 0 0 0 0 0	14 15 0 0 0 0 0 0 0	14 16 36 0 0 0 0 0 0	14 17 36 0 0 0 0 0 0	14 18 36 0 0 0 0 0 0	14 19 36 0 0 0 0 0 0	14 20 0 0 0 0 0 0 0	15 10 8 0 0 0 0 0 0	15 15 10 0 0 0 0 0 0	15 20 2 0 0 0 0 0 0	16 10 8 0 0 0 0 0 0	16 15 10 0 0 0 0 0 0	16 20 2 0 0 0 0 0 0	17 10 8 0 0 0 0 0 0	17 15 10 0 0 0 0 0 0	17 20 2 0 0 0 0 0 0	18 10 8 0 0 0 0 0 0	18 15 10 0 0 0 0 0 0	18 20 2 0 0 0 0 0 0	19 10 0 0 0 0 0 0 0	19 11 4 0 0 0 0 0 0	19 12 4 0 0 0 0 0 0	19 13 4 0 0 0 0 0 0	19 14 4 0 0 0 0 0 0	19 15 0 0 0 0 0 0 0	19 16 4 0 0 0 0 0 0	19 17 4 0 0 0 0 0 0	19 18 4 0 0 0 0 0 0	19 19 4 0 0 0 0 0 0	19 20 0 0 0 0 0 0 0	
9 10 0 0 0 0 0 0 0	9 11 32 0 0 0 0 0 0	9 12 32 0 0 0 0 0 0	9 13 32 0 0 0 0 0 0	9 14 32 0 0 0 0 0 0	9 15 0 0 0 0 0 0 0	9 16 32 0 0 0 0 0 0	9 17 32 0 0 0 0 0 0	9 18 32 0 0 0 0 0 0	9 19 32 0 0 0 0 0 0	9 20 0 0 0 0 0 0 0	10 10 8 0 0 0 0 0 0	10 15 10 0 0 0 0 0 0	10 20 2 0 0 0 0 0 0	11 10 8 0 0 0 0 0 0	11 15 10 0 0 0 0 0 0	11 20 2 0 0 0 0 0 0	12 10 8 0 0 0 0 0 0	12 15 10 0 0 0 0 0 0	12 20 2 0 0 0 0 0 0	13 10 8 0 0 0 0 0 0	13 15 10 0 0 0 0 0 0	13 20 2 0 0 0 0 0 0	14 10 0 0 0 0 0 0 0	14 11 36 0 0 0 0 0 0	14 12 36 0 0 0 0 0 0	14 13 36 0 0 0 0 0 0	14 14 36 0 0 0 0 0 0	14 15 0 0 0 0 0 0 0	14 16 36 0 0 0 0 0 0	14 17 36 0 0 0 0 0 0	14 18 36 0 0 0 0 0 0	14 19 36 0 0 0 0 0 0	14 20 0 0 0 0 0 0 0	15 10 8 0 0 0 0 0 0	15 15 10 0 0 0 0 0 0	15 20 2 0 0 0 0 0 0	16 10 8 0 0 0 0 0 0	16 15 10 0 0 0 0 0 0	16 20 2 0 0 0 0 0 0	17 10 8 0 0 0 0 0 0	17 15 10 0 0 0 0 0 0	17 20 2 0 0 0 0 0 0	18 10 8 0 0 0 0 0 0	18 15 10 0 0 0 0 0 0	18 20 2 0 0 0 0 0 0	19 10 0 0 0 0 0 0 0	19 11 4 0 0 0 0 0 0	19 12 4 0 0 0 0 0 0	19 13 4 0 0 0 0 0 0	19 14 4 0 0 0 0 0 0	19 15 0 0 0 0 0 0 0	19 16 4 0 0 0 0 0 0	19 17 4 0 0 0 0 0 0	19 18 4 0 0 0 0 0 0	19 19 4 0 0 0 0 0 0	19 20 0 0 0 0 0 0 0	
9 10 0 0 0 0 0 0 0	9 11 32 0 0 0 0 0 0	9 12 32 0 0 0 0 0 0	9 13 32 0 0 0 0 0 0	9 14 32 0 0 0 0 0 0	9 15 0 0 0 0 0 0 0	9 16 32 0 0 0 0 0 0	9 17 32 0 0 0 0 0 0	9 18 32 0 0 0 0 0 0	9 19 32 0 0 0 0 0 0	9 20 0 0 0 0 0 0 0	10 10 8 0 0 0 0 0 0	10 15 10 0 0 0 0 0 0	10 20 2 0 0 0 0 0 0	11 10 8 0 0 0 0 0 0	11 15 10 0 0 0 0 0 0	11 20 2 0 0 0 0 0 0	12 10 8 0 0 0 0 0 0	12 15 10 0 0 0 0 0 0	12 20 2 0 0 0 0 0 0	13 10 8 0 0 0 0 0 0	13 15 10 0 0 0 0 0 0	13 20 2 0 0 0 0 0 0	14 10 0 0 0 0 0 0 0	14 11 36 0 0 0 0 0 0	14 12 36 0 0 0 0 0 0	14 13 36 0 0 0 0 0 0	14 14 36 0 0 0 0 0 0	14 15 0 0 0 0 0 0 0	14 16 36 0 0 0 0 0 0	14 17 36 0 0 0 0 0 0	14 18 36 0 0 0 0 0 0	14 19 36 0 0 0 0 0 0	14 20 0 0 0 0 0 0 0	15 10 8 0 0 0 0 0 0	15 15 10 0 0 0 0 0 0	15 20 2 0 0 0 0 0 0	16 10 8 0 0 0 0 0 0	16 15 10 0 0 0 0 0 0	16 20 2 0 0 0 0 0 0	17 10 8 0 0 0 0 0 0	17 15 10 0 0 0 0 0 0	17 20 2 0 0 0 0 0 0	18 10 8 0 0 0 0 0 0	18 15 10 0 0 0 0 0 0	18 20 2 0 0 0 0 0 0	19 10 0 0 0 0 0 0 0	19 11 4 0 0 0 0 0 0	19 12 4 0 0 0 0 0 0	19 13 4 0 0 0 0 0 0	19 14 4 0 0 0 0 0 0	19 15 0 0 0 0 0 0 0	19 16 4 0 0 0 0 0 0	19 17 4 0 0 0 0 0 0	19 18 4 0 0 0 0 0 0	19 19 4 0 0 0 0 0 0	19 20 0 0 0 0 0 0 0	
9 10 0 1 11 10 1 5 1	9 11 32 1 1 10 25 5 1	9 12 32 0 0 0 0 0 0	9 13 32 0 0 0 0 0 0	9 14 32 0 0 0 0 0 0	9 15 0 0 0 0 0 0 0	9 16 32 0 0 0 0 0 0	9 17 32 0 0 0 0 0 0	9 18 32 0 0 0 0 0 0	9 19 32 0 0 0 0 0 0	9 20 0 0 0 0 0 0 0	10 10 8 1 11 1 1 5 24	10 15 10 1 1 1 1 5 24	10 20 2 1 1 1 16 5 24	11 10 8 0 0 0 0 0 0	11 15 10 0 0 0 0 0 0	11 20 2 0 0 0 0 0 0	12 10 8 0 0 0 0 0 0	12 15 10 0 0 0 0 0 0	12 20 2 0 0 0 0 0 0	13 10 8 0 0 0 0 0 0	13 15 10 0 0 0 0 0 0	13 20 2 0 0 0 0 0 0	14 10 0 0 0 0 0 0 0	14 11 36 1 1 1 25 5 1	14 12 36 0 0 0 0 0 0	14 13 36 0 0 0 0 0 0	14 14 36 0 0 0 0 0 0	14 15 0 0 0 0 0 0 0	14 16 36 0 0 0 0 0 0	14 17 36 0 0 0 0 0 0	14 18 36 0 0 0 0 0 0	14 19 36 0 0 0 0 0 0	14 20 0 0 0 0 0 0 0	15 10 8 0 0 0 0 0 0	15 15 10 0 0 0 0 0 0	15 20 2 0 0 0 0 0 0	16 10 8 0 0 0 0 0 0	16 15 10 0 0 0 0 0 0	16 20 2 0 0 0 0 0 0	17 10 8 0 0 0 0 0 0	17 15 10 0 0 0 0 0 0	17 20 2 0 0 0 0 0 0	18 10 8 0 0 0 0 0 0	18 15 10 0 0 0 0 0 0	18 20 2 0 0 0 0 0 0	19 10 0 0 0 0 0 0 0	19 11 4 1 1 1 25 5 15	19 12 4 0 0 0 0 0 0	19 13 4 0 0 0 0 0 0	19 14 4 0 0 0 0 0 0	19 15 0 0 0 0 0 0 0	19 16 4 0 0 0 0 0 0	19 17 4 0 0 0 0 0 0	19 18 4 0 0 0 0 0 0	19 19 4 0 0 0 0 0 0	19 20 0 0 0 0 0 0 0	
9 10 0 0 0 0 0 0 0	9 11 32 0 0 0 0 0 0	9 12 32 0 0 0 0 0 0	9 13 32 0 0 0 0 0 0	9 14 32 0 0 0 0 0 0	9 15 0 0 0 0 0 0 0	9 16 32 0 0 0 0 0 0	9 17 32 0 0 0 0 0 0	9 18 32 0 0 0 0 0 0	9 19 32 0 0 0 0 0 0	9 20 0 0 0 0 0 0 0	10 10 8 0 0 0 0 0 0	10 15 10 0 0 0 0 0 0	10 20 2 0 0 0 0 0 0	11 10 8 0 0 0 0 0 0	11 15 10 0 0 0 0 0 0	11 20 2 0 0 0 0 0 0	12 10 8 0 0 0 0 0 0	12 15 10 0 0 0 0 0 0	12 20 2 0 0 0 0 0 0	13 10 8 0 0 0 0 0 0	13 15 10 0 0 0 0 0 0	13 20 2 0 0 0 0 0 0	14 10 0 0 0 0 0 0 0	14 11 36 0 0 0 0 0 0	14 12 36 0 0 0 0 0 0	14 13 36 0 0 0 0 0 0	14 14 36 0 0 0 0 0 0	14 15 0 0 0 0 0 0 0	14 16 36 0 0 0 0 0 0	14 17 36 0 0 0 0 0 0	14 18 36 0 0 0 0 0 0	14 19 36 0 0 0 0 0 0	14 20 0 0 0 0 0 0 0	15 10 8 0 0 0 0 0 0	15 15 10 0 0 0 0 0 0	15 20 2 0 0 0 0 0 0	16 10 8 0 0 0 0 0 0	16 15 10 0 0 0 0 0 0	16 20 2 0 0 0 0 0 0	17 10 8 0 0 0 0 0 0	17 15 10 0 0 0 0 0 0	17 20 2 0 0 0 0 0 0	18 10 8 0 0 0 0 0 0	18 15 10 0 0 0 0 0 0	18 20 2 0 0 0 0 0 0	19 10 0 0 0 0 0 0 0	19 11 4 0 0 0 0 0 0	19 12 4 0 0 0 0 0 0	19 13 4 0 0 0 0 0 0	19 14 4 0 0 0 0 0 0	19 15 0 0 0 0 0 0 0	19 16 4 0 0 0 0 0 0	19 17 4 0 0 0 0 0 0	19 18 4 0 0 0 0 0 0	19 19 4 0 0 0 0 0 0	19 20 0 0 0 0 0 0 0	
9 10 0 0 0 0 0 0 0	9 11 32 0 0 0 0 0 0	9 12 32 0 0 0 0 0 0	9 13 32 0 0 0 0 0 0	9 14 32 0 0 0 0 0 0	9 15 0 0 0 0 0 0 0	9 16 32 0 0 0 0 0 0	9 17 32 0 0 0 0 0 0	9 18 32 0 0 0 0 0 0	9 19 32 0 0 0 0 0 0	9 20 0 0 0 0 0 0 0	10 10 8 0 0 0 0 0 0	10 15 10 0 0 0 0 0 0	10 20 2 0 0 0 0 0 0	11 10 8 0 0 0 0 0 0	11 15 10 0 0 0 0 0 0	11 20 2 0 0 0 0 0 0	12 10 8 0 0 0 0 0 0	12 15 10 0 0 0 0 0 0	12 20 2 0 0 0 0 0 0	13 10 8 0 0 0 0 0 0	13 15 10 0 0 0 0 0 0	13 20 2 0 0 0 0 0 0	14 10 0 0 0 0 0 0 0	14 11 36 0 0 0 0 0 0	14 12 36 0 0 0 0 0 0	14 13 36 0 0 0 0 0 0	14 14 36 0 0 0 0 0 0	14 15 0 0 0 0 0 0 0	14 16 36 0 0 0 0 0 0	14 17 36 0 0 0 0 0 0	14 18 36 0 0 0 0 0 0	14 19 36 0 0 0 0 0 0	14 20 0 0 0 0 0 0 0	15 10 8 0 0 0 0 0 0	15 15 10 0 0 0 0 0 0	15 20 2 0 0 0 0 0 0	16 10 8 0 0 0 0 0 0	16 15 10 0 0 0 0 0 0	16 20 2 0 0 0 0 0 0	17 10 8 0 0 0 0 0 0	17 15 10 0 0 0 0 0 0	17 20 2 0 0 0 0 0 0	18 10 8 0 0 0 0 0 0	18 15 10 0 0 0 0 0 0	18 20 2 0 0 0 0 0 0	19 10 0 0 0 0 0 0 0	19 11 4 0 0 0 0 0 0	19 12 4 0 0 0 0 0 0	19 13 4 0 0 0 0 0 0	19 14 4 0 0 0 0 0 0	19 15 0 0 0 0 0 0 0	19 16 4 0 0 0 0 0 0	19 17 4 0 0 0 0 0 0	19 18 4 0 0 0 0 0 0	19 19 4 0 0 0 0 0 0	19 20 0 0 0 0 0 0 0	
9 10 0 0 0 0 0 0 0	9 11 32 0 0 0 0 0 0	9 12 32 0 0 0 0 0 0	9 13 32 0 0 0 0 0 0	9 14 32 0 0 0 0 0 0	9 15 0 0 0 0 0 0 0	9 16 32 0 0 0 0 0 0	9 17 32 0 0 0 0 0 0	9 18 32 0 0 0 0 0 0	9 19 32 0 0 0 0 0 0	9 20 0 0 0 0 0 0 0	10 10 8 0 0 0 0 0 0	10 15 10 0 0 0 0 0 0	10 20 2 0 0 0 0 0 0	11 10 8 0 0 0 0 0 0	11 15 10 0 0 0 0 0 0	11 20 2 0 0 0 0 0 0	12 10 8 0 0 0 0 0 0	12 15 10 0 0 0 0 0 0	12 20 2 0 0 0 0 0 0	13 10 8 0 0 0 0 0 0	13 15 10 0 0 0 0 0 0	13 20 2 0 0 0 0 0 0	14 10 0 0 0 0 0 0 0	14 11 36 0 0 0 0 0 0	14 12 36 0 0 0 0 0 0	14 13 36 0 0 0 0 0 0	14 14 36 0 0 0 0 0 0	14 15 0 0 0 0 0 0 0	14 16 36 0 0 0 0 0 0	14 17 36 0 0 0 0 0 0	14 18 36 0 0 0 0 0 0	14 19 36 0 0 0 0 0 0	14 20 0 0 0 0 0 0 0	15 10 8 0 0 0 0 0 0	15 15 10 0 0 0 0 0 0	15 20 2 0 0 0 0 0 0	16 10 8 0 0 0 0 0 0	16 15 10 0 0 0 0 0 0	16 20 2 0 0 0 0 0 0	17 10 8 0 0 0 0 0 0	17 15 10 0 0 0 0 0 0	17 20 2 0 0 0 0 0 0	18 10 8 0 0 0 0 0 0	18 15 10 0 0 0 0 0 0	18 20 2 0 0 0 0 0 0	19 10 0 0 0 0 0 0 0	19 11 4 0 0 0 0 0 0	19 12 4 0 0 0 0 0 0	19 13 4 0 0 0 0 0 0	19 14 4 0 0 0 0 0 0	19 15 0 0 0 0 0 0 0	19 16 4 0 0 0 0 0 0	19 17 4 0 0 0 0 0 0	19 18 4 0 0 0 0 0 0	19 19 4 0 0 0 0 0 0	19 20 0 0 0 0 0 0 0	
9 10 0 0 0 0 0 0 0	9 11 32 0 0 0 0 0 0	9 12 32 0 0 0 0 0 0	9 13 32 0 0 0 0 0 0	9 14 32 0 0 0 0 0 0	9 15 0 0 0 0 0 0 0	9 16 32 0 0 0 0 0 0	9 17 32 0 0 0 0 0 0	9 18 32 0 0 0 0 0 0	9 19 32 0 0 0 0 0 0	9 20 0 0 0 0 0 0 0	10 10 8 0 0 0 0 0 0	10 15 10 0 0 0 0 0 0	10 20 2 0 0 0 0 0 0	11 10 8 0 0 0 0 0 0	11 15 10 0 0 0 0 0 0	11 20 2 0 0 0 0 0 0	12 10 8 0 0 0 0 0 0	12 15 10 0 0 0 0 0 0	12 20 2 0 0 0 0 0 0	13 10 8 0 0 0 0 0 0	13 15 10 0 0 0 0 0 0	13 20 2 0 0 0 0 0 0	14 10 0 0 0 0 0 0 0	14 11 36 0 0 0 0 0 0	14 12 36 0 0 0 0 0 0	14 13 36 0 0 0 0 0 0	14 14 36 0 0 0 0 0 0	14 15 0 0 0 0 0 0 0	14 16 36 0 0 0 0 0 0	14 17 36 0 0 0 0 0 0	14 18 36 0 0 0 0 0 0	14 19 36 0 0 0 0 0 0	14 20 0 0 0 0 0 0 0	15 10 8 0 0 0 0 0 0	15 15 10 0 0 0 0 0 0	15 20 2 0 0 0 0 0 0	16 10 8 0 0 0 0 0 0	16 15 10 0 0 0 0 0 0	16 20 2 0 0 0 0 0 0	17 10 8 0 0 0 0 0 0	17 15 10 0 0 0 0 0 0	17 20 2 0 0 0 0 0 0	18 10 8 0 0 0 0 0 0	18 15 10 0 0 0 0 0 0	18 20 2 0 0 0 0 0 0	19 10 0 0 0 0 0 0 0	19 11 4 0 0 0 0 0 0	19 12 4 0 0 0 0 0 0	19 13 4 0 0 0 0 0 0	19 14 4 0 0 0 0 0 0	19 15 0 0 0 0 0 0 0	19 16 4 0 0 0 0 0 0	19 17 4 0 0 0 0 0 0	19 18 4 0 0 0 0 0 0	19 19 4 0 0 0 0 0 0	19 20 0 0 0 0 0 0 0	
9 10 0 1 11 10 1 5 1	9 11 32 1 1 10 25 5 1	9 12 32 0 0 0 0 0 0	9 13 32 0 0 0 0 0 0	9 14 32 0 0 0 0 0 0	9 15 0 0 0 0 0 0 0	9 16 32 0 0 0 0 0 0	9 17 32 0 0 0 0 0 0	9 18 32 0 0 0 0 0 0	9 19 32 0 0 0 0 0 0	9 20 0 0 0 0 0 0 0	10 10 8 1 11 1 1 5 24	10 15 10 1 1 1 1 5 24	10 20 2 1 1 1 16 5 24	11 10 8 0 0 0 0 0 0	11 15 10 0 0 0 0 0 0	11 20 2 0 0 0 0 0 0	12 10 8 0 0 0 0 0 0	12 15 10 0 0 0 0 0 0	12 20 2 0 0 0 0 0 0	13 10 8 0 0 0 0 0 0	13 15 10 0 0 0 0 0 0	13 20 2 0 0 0 0 0 0	14 10 0 0 0 0 0 0 0	14 11 36 1 1 1 25 5 1	14 12 36 0 0 0 0 0 0	14 13 36 0 0 0 0 0 0	14 14 36 0 0 0 0 0 0	14 15 0 0 0 0 0 0 0	14 16 36 0 0 0 0 0 0	14 17 36 0 0 0 0 0 0	14 18 36 0 0 0 0 0 0	14 19 36 0 0 0 0 0 0	14 20 0 0 0 0 0 0 0	15 10 8 0 0 0 0 0 0	15 15 10 0 0 0 0 0 0	15 20 2 0 0 0 0 0 0	16 10 8 0 0 0 0 0 0	16 15 10 0 0 0 0 0 0	16 20 2 0 0 0 0 0 0	17 10 8 0 0 0 0 0 0	17 15 10 0 0 0 0 0 0	17 20 2 0 0 0 0 0 0	18 10 8 0 0 0 0 0 0	18 15 10 0 0 0 0 0 0	18 20 2 0 0 0 0 0 0	19 10 0 0 0 0 0 0 0	19 11 4 1 1 1 25 5 15	19 12 4 0 0 0 0 0 0	19 13 4 0 0 0 0 0 0	19 14 4 0 0 0 0 0 0	19 15 0 0 0 0 0 0 0	19 16 4 0 0 0 0 0 0	19 17 4 0 0 0 0 0 0	19 18 4 0 0 0 0 0 0	19 19 4 0 0 0 0 0 0	19 20 0 0 0 0 0 0 0	
9 10 0 0 0 0 0 0 0	9 11 32 0 0 0 0 0 0	9 12 32 0 0 0 0 0 0	9 13 32 0 0 0 0 0 0	9 14 32 0 0 0 0 0 0	9 15 0 0 0 0 0 0 0	9 16 32 0 0 0 0 0 0	9 17 32 0 0 0 0 0 0	9 18 32 0 0 0 0 0 0	9 19 32 0 0 0 0 0 0	9 20 0 0 0 0 0 0 0	10 10 8 0 0 0 0 0 0	10 15 10 0 0 0 0 0 0	10 20 2 0 0 0 0 0 0	11 10 8 0 0 0 0 0 0	11 15 10 0 0 0 0 0 0	11 20 2 0 0 0 0 0 0	12 10 8 0 0 0 0 0 0	12 15 10 0 0 0 0 0 0	12 20 2 0 0 0 0 0 0	13 10 8 0 0 0 0 0 0	13 15 10 0 0 0 0 0 0	13 20 2 0 0 0 0 0 0	14 10 0 0 0 0 0 0 0	14 11 36 0 0 0 0 0 0	14 12 36 0 0 0 0 0 0	14 13 36 0 0 0 0 0 0	14 14 36 0 0 0 0 0 0	14 15 0 0 0 0 0 0 0	14 16 36 0 0 0 0 0 0	14 17 36 0 0 0 0 0 0	14 18 36 0 0 0 0 0 0	14 19 36 0 0 0 0 0 0	14 20 0 0 0 0 0 0 0	15 10 8 0 0 0 0 0 0	15 15 10 0 0 0 0 0 0	15 20 2 0 0 0 0 0 0	16 10 8 0 0 0 0 0 0	16 15 10 0 0 0 0 0 0	16 20 2 0 0 0 0 0 0	17 10 8 0 0 0 0 0 0	17 15 10 0 0 0 0 0 0	17 20 2 0 0 0 0 0 0	18 10 8 0 0 0 0 0 0	18 15 10 0 0 0 0 0 0	18 20 2 0 0 0 0 0 0	19 10 0 0 0 0 0 0 0	19 11 4 0 0 0 0 0 0	19 12 4 0 0 0 0 0 0	19 13 4 0 0 0 0 0 0	19 14 4 0 0 0 0 0 0	19 15 0 0 0 0 0 0 0	19 16 4 0 0 0 0 0 0	19 17 4 0 0 0 0 0 0	19 18 4 0 0 0 0 0 0	19 19 4 0 0 0 0 0 0	19 20 0 0 0 0 0 0 0	
9 10 0 0 0 0 0 0 0	9 11 32 0 0 0 0 0 0	9 12 32 0 0 0 0 0 0	9 13 32 0 0 0 0 0 0	9 14 32 0 0 0 0 0 0	9 15 0 0 0 0 0 0 0	9 16 32 0 0 0 0 0 0	9 17 32 0 0 0 0 0 0	9 18 32 0 0 0 0 0 0	9 19 32 0 0 0 0 0 0	9 20 0 0 0 0 0 0 0	10 10 8 0 0 0 0 0 0	10 15 10 0 0 0 0 0 0	10 20 2 0 0 0 0 0 0	11 10 8 0 0 0 0 0 0	11 15 10 0 0 0 0 0 0	11 20 2 0 0 0 0 0 0	12 10 8 0 0 0 0 0 0	12 15 10 0 0 0 0 0 0	12 20 2 0 0 0 0 0 0	13 10 8 0 0 0 0 0 0	13 15 10 0 0 0 0 0 0	13 20 2 0 0 0 0 0 0	14 10 0 0 0 0 0 0 0	14 11 36 0 0 0 0 0 0	14 12 36 0 0 0 0 0 0	14 13 36 0 0 0 0 0 0	14 14 36 0 0 0 0 0 0	14 15 0 0 0 0 0 0 0	14 16 36 0 0 0 0 0 0	14 17 36 0 0 0 0 0 0	14 18 36 0 0 0 0 0 0	14 19 36 0 0 0 0 0 0	14 20 0 0 0 0 0 0 0	15 10 8 0 0 0 0 0 0	15 15 10 0 0 0 0 0 0	15 20 2 0 0 0 0 0 0	16 10 8 0 0 0 0 0 0	16 15 10 0 0 0 0 0 0	16 20 2 0 0 0 0 0 0	17 10 8 0 0 0 0 0 0	17 15 10 0 0 0 0 0 0	17 20 2 0 0 0 0 0 0	18 10 8 0 0 0 0 0 0	18 15 10 0 0 0 0 0 0	18 20 2 0 0 0 0 0 0	19 10 0 0 0 0 0 0 0	19 11 4 0 0 0 0 0 0	19 12 4 0 0 0 0 0 0	19 13 4 0 0 0 0 0 0	19 14 4 0 0 0 0 0 0	19 15 0 0 0 0 0 0 0	19 16 4 0 0 0 0 0 0	19 17 4 0 0 0 0 0 0	19 18 4 0 0 0 0 0 0	19 19 4 0 0 0 0 0 0	19 20 0 0 0 0 0 0 0	
9 10 0 0 0 0 0 0 0	9 11 32 0 0 0 0 0 0	9 12 32 0 0 0 0 0 0	9 13 32 0 0 0 0 0 0	9 14 32 0 0 0 0 0 0	9 15 0 0 0 0 0 0 0	9 16 32 0 0 0 0 0 0	9 17 32 0 0 0 0 0 0	9 18 32 0 0 0 0 0 0	9 19 32 0 0 0 0 0 0	9 20 0 0 0 0 0 0 0	10 10 8 0 0 0 0 0 0	10 15 10 0 0 0 0 0 0	10 20 2 0 0 0 0 0 0	11 10 8 0 0 0 0 0 0	11 15 10 0 0 0 0 0 0	11 20 2 0 0 0 0 0 0	12 10 8 0 0 0 0 0 0	12 15 10 0 0 0 0 0 0	12 20 2 0 0 0 0 0 0	13 10 8 0 0 0 0 0 0	13 15 10 0 0 0 0 0 0	13 20 2 0 0 0 0 0 0	14 10 0 0 0 0 0 0 0	14 11 36 0 0 0 0 0 0	14 12 36 0 0 0 0 0 0	14 13 36 0 0 0 0 0 0	14 14 36 0 0 0 0 0 0	14 15 0 0 0 0 0 0 0	14 16 36 0 0 0 0 0 0	14 17 36 0 0 0 0 0 0	14 18 36 0 0 0 0 0 0	14 19 36 0 0 0 0 0 0	14 20 0 0 0 0 0 0 0	15 10 8 0 0 0 0 0 0	15 15 10 0 0 0 0 0 0	15 20 2 0 0 0 0 0 0	16 10 8 0 0 0 0 0 0	16 15 10 0 0 0 0 0 0	16 20 2 0 0 0 0 0 0	17 10 8 0 0 0 0 0 0	17 15 10 0 0 0 0 0 0	17 20 2 0 0 0 0 0 0	18 10 8 0 0 0 0 0 0	18 15 10 0 0 0 0 0 0	18 20 2 0 0 0 0 0 0	19 10 0 0 0 0 0 0 0	19 11 4 0 0 0 0 0 0	19 12 4 0 0 0 0 0 0	19 13 4 0 0 0 0 0 0	19 14 4 0 0 0 0 0 0	19 15 0 0 0 0 0 0 0	19 16 4 0 0 0 0 0 0	19 17 4 0 0 0 0 0 0	19 18 4 0 0 0 0 0 0	19 19 4 0 0 0 0 0 0	19 20 0 0 0 0 0 0 0	
9 10 0 0 0 0 0 0 0	9 11 32 0 0 0 0 0 0	9 12 32 0 0 0 0 0 0	9 13 32 0 0 0 0 0 0	9 14 32 0 0 0 0 0 0	9 15 0 0 0 0 0 0 0	9 16 32 0 0 0 0 0 0	9 17 32 0 0 0 0 0 0	9 18 32 0 0 0 0 0 0	9 19 32 0 0 0 0 0 0	9 20 0 0 0 0 0 0 0	10 10 8 0 0 0 0 0 0	10 15 10 0 0 0 0 0 0	10 20 2 0 0 0 0 0 0	11 10 8 0 0 0 0 0 0	11 15 10 0 0 0 0 0 0	11 20 2 0 0 0 0 0 0	12 10 8 0 0 0 0 0 0	12 15 10 0 0 0 0 0 0	12 20 2 0 0 0 0 0 0	13 10 8 0 0 0 0 0 0	13 15 10 0 0 0 0 0 0	13 20 2 0 0 0 0 0 0	14 10 0 0 0 0 0 0 0	14 11 36 0 0 0 0 0 0	14 12 36 0 0 0 0 0 0	14 13 36 0 0 0 0 0 0	14 14 36 0 0 0 0 0 0	14 15 0 0 0 0 0 0 0	14 16 36 0 0 0 0 0 0	14 17 36 0 0 0 0 0 0	14 18 36 0 0 0 0 0 0	14 19 36 0 0 0 0 0 0	14 20 0 0 0 0 0 0 0	15 10 8 0 0 0 0 0 0	15 15 10 0 0 0 0 0 0	15 20 2 0 0 0 0 0 0	16 10 8 0 0 0 0 0 0	16 15 10 0 0 0 0 0 0	16 20 2 0 0 0 0 0 0	17 10 8 0 0 0 0 0 0	17 15 10 0 0 0 0 0 0	17 20 2 0 0 0 0 0 0	18 10 8 0 0 0 0 0 0	18 15 10 0 0 0 0 0 0	18 20 2 0 0 0 0 0 0	19 10 0 0 0 0 0 0 0	19 11 4 0 0 0 0 0 0	19 12 4 0 0 0 0 0 0	19 13 4 0 0 0 0 0 0	19 14 4 0 0 0 0 0 0	19 15 0 0 0 0 0 0 0	19 16 4 0 0 0 0 0 0	19 17 4 0 0 0 0 0 0	19 18 4 0 0 0 0 0 0	19 19 4 0 0 0 0 0 0	19 20 0 0 0 0 0 0 0	
9 10 0 1 11 10 1 5 1	9 11 32 1 1 10 25 5 1	9 12 32 0 0 0 0 0 0	9 13 32 0 0 0 0 0 0	9 14 32 0 0 0 0 0 0	9 15 0 0 0 0 0 0 0	9 16 32 0 0 0 0 0 0	9 17 32 0 0 0 0 0 0	9 18 32 0 0 0 0 0 0	9 19 32 0 0 0 0 0 0	9 20 0 0 0 0 0 0 0	10 10 8 1 11 1 1 5 24	10 15 10 1 1 1 1 5 24	10 20 2 1 1 1 16 5 24	11 10 8 0 0 0 0 0 0	11 15 10 0 0 0 0 0 0	11 20 2 0 0 0 0 0 0	12 10 8 0 0 0 0 0 0	12 15 10 0 0 0 0 0 0	12 20 2 0 0 0 0 0 0	13 10 8 0 0 0 0 0 0	13 15 10 0 0 0 0 0 0	13 20 2 0 0 0 0 0 0	14 10 0 0 0 0 0 0 0	14 11 36 1 1 1 25 5 1	14 12 36 0 0 0 0 0 0	14 13 36 0 0 0 0 0 0	14 14 36 0 0 0 0 0 0	14 15 0 0 0 0 0 0 0	14 16 36 0 0 0 0 0 0	14 17 36 0 0 0 0 0 0	14 18 36 0 0 0 0 0 0	14 19 36 0 0 0 0 0 0	14 20 0 0 0 0 0 0 0	15 10 8 0 0 0 0 0 0	15 15 10 0 0 0 0 0 0	15 20 2 0 0 0 0 0 0	16 10 8 0 0 0 0 0 0	16 15 10 0 0 0 0 0 0	16 20 2 0 0 0 0 0 0	17 10 8 0 0 0 0 0 0	17 15 10 0 0 0 0 0 0	17 20 2 0 0 0 0 0 0	18 10 8 0 0 0 0 0 0	18 15 10 0 0 0 0 0 0	18 20 2 0 0 0 0 0 0	19 10 0 0 0 0 0 0 0	19 11 4 1 1 1 25 5 15	19 12 4 0 0 0 0 0 0	19 13 4 0 0 0 0 0 0	19 14 4 0 0 0 0 0 0	19 15 0 0 0 0 0 0 0	19 16 4 0 0 0 0 0 0	19 17 4 0 0 0 0 0 0	19 18 4 0 0 0 0 0 0	19 19 4 0 0 0 0 0 0	19 20 0 0 0 0 0 0 0	
9 10 0 0 0 0 0 0 0	9 11 32 0 0 0 0 0 0	9 12 32 0 0 0 0 0 0	9 13 32 0 0 0 0 0 0	9 14 32 0 0 0 0 0 0	9 15 0 0 0 0 0 0 0	9 16 32 0 0 0 0 0 0	9 17 32 0 0 0 0 0 0	9 18 32 0 0 0 0 0 0	9 19 32 0 0 0 0 0 0	9 20 0 0 0 0 0 0 0	10 10 8 0 0 0 0 0 0	10 15 10 0 0 0 0 0 0	10 20 2 0 0 0 0 0 0	11 10 8 0 0 0 0 0 0	11 15 10 0 0 0 0 0 0	11 20 2 0 0 0 0 0 0	12 10 8 0 0 0 0 0 0	12 15 10 0 0 0 0 0 0	12 20 2 0 0 0 0 0 0	13 10 8 0 0 0 0 0 0	13 15 10 0 0 0 0 0 0	13 20 2 0 0 0 0 0 0	14 10 0 0 0 0 0 0 0	14 11 36 0 0 0 0 0 0	14 12 36 0 0 0 0 0 0	14 13 36 0 0 0 0 0 0	14 14 36 0 0 0 0 0 0	14 15 0 0 0 0 0 0 0	14 16 36 0 0 0 0 0 0	14 17 36 0 0 0 0 0 0	14 18 36 0 0 0 0 0 0	14 19 36 0 0 0 0 0 0	14 20 0 0 0 0 0 0 0	15 10 8 0 0 0 0 0 0	15 15 10 0 0 0 0 0 0	15 20 2 0 0 0 0 0 0	16 10 8 0 0 0 0 0 0	16 15 10 0 0 0 0 0 0	16 20 2 0 0 0 0 0 0	17 10 8 0 0 0 0 0 0	17 15 10 0 0 0 0 0 0	17 20 2 0 0 0 0 0 0	18 10 8 0 0 0 0 0 0	18 15 10 0 0 0 0 0 0	18 20 2 0 0 0 0 0 0	19 10 0 0 0 0 0 0 0	19 11 4 0 0 0 0 0 0	19 12 4 0 0 0 0 0 0	19 13 4 0 0 0 0 0 0	19 14 4 0 0 0 0 0 0	19 15 0 0 0 0 0 0 0	19 16 4 0 0 0 0 0 0	19 17 4 0 0 0 0 0 0	19 18 4 0 0 0 0 0 0	19 19 4 0 0 0 0 0 0	19 20 0 0 0 0 0 0 0	
9 10 0 0 0 0 0 0 0	9 11 32 0 0 0 0 0 0	9 12 32 0 0 0 0 0 0	9 13 32 0 0 0 0 0 0	9 14 32 0 0 0 0 0 0	9 15 0 0 0 0 0 0 0	9 16 32 0 0 0 0 0 0	9 17 32 0 0 0 0 0 0	9 18 32 0 0 0 0 0 0	9 19 32 0 0 0 0 0 0	9 20 0 0 0 0 0 0 0	10 10 8 0 0 0 0 0 0	10 15 10 0 0 0 0 0 0	10 20 2 0 0 0 0 0 0	11 10 8 0 0 0 0 0 0	11 15 10 0 0 0 0 0 0	11 20 2 0 0 0 0 0 0	12 10 8 0 0 0 0 0 0	12 15 10 0 0 0 0 0 0	12 20 2 0 0 0 0 0 0	13 10 8 0 0 0 0 0 0	13 15 10 0 0 0 0 0 0	13 20 2 0 0 0 0 0 0	14 10 0 0 0 0 0 0 0	14 11 36 0 0 0 0 0 0	14 12 36 0 0 0 0 0 0	14 13 36 0 0 0 0 0 0	14 14 36 0 0 0 0 0 0	14 15 0 0 0 0 0 0 0	14 16 36 0 0 0 0 0 0	14 17 36 0 0 0 0 0 0	14 18 36 0 0 0 0 0 0	14 19 36 0 0 0 0 0 0	14 20 0 0 0 0 0 0 0	15 10 8 0 0 0 0 0 0	15 15 10 0 0 0 0 0 0	15 20 2 0 0 0 0 0 0	16 10 8 0 0 0 0 0 0	16 15 10 0 0 0 0 0 0	16 20 2 0 0 0 0 0 0	17 10 8 0 0 0 0 0 0	17 15 10 0 0 0 0 0 0	17 20 2 0 0 0 0 0 0	18 10 8 0 0 0 0 0 0	18 15 10 0 0 0 0 0 0	18 20 2 0 0 0 0 0 0	19 10 0 0 0 0 0 0 0	19 11 4 0 0 0 0 0 0	19 12 4 0 0 0 0 0 0	19 13 4 0 0 0 0 0 0	19 14 4 0 0 0 0 0 0	19 15 0 0 0 0 0 0 0	19 16 4 0 0 0 0 0 0	19 17 4 0 0 0 0 0 0	19 18 4 0 0 0 0 0 0	19 19 4 0 0 0 0 0 0	19 20 0 0 0 0 0 0 0	
9 10 0 0 0 0 0 0 0	9 11 32 0 0 0 0 0 0	9 12 32 0 0 0 0 0 0	9 13 32 0 0 0 0 0 0	9 14 32 0 0 0 0 0 0	9 15 0 0 0 0 0 0 0	9 16 32 0 0 0 0 0 0	9 17 32 0 0 0 0 0 0	9 18 32 0 0 0 0 0 0	9 19 32 0 0 0 0 0 0	9 20 0 0 0 0 0 0 0	10 10 8 0 0 0 0 0 0	10 15 10 0 0 0 0 0 0	10 20 2 0 0 0 0 0 0	11 10 8 0 0 0 0 0 0	11 15 10 0 0 0 0 0 0	11 20 2 0 0 0 0 0 0	12 10 8 0 0 0 0 0 0	12 15 10 0 0 0 0 0 0	12 20 2 0 0 0 0 0 0	13 10 8 0 0 0 0 0 0	13 15 10 0 0 0 0 0 0	13 20 2 0 0 0 0 0 0	14 10 0 0 0 0 0 0 0	14 11 36 0 0 0 0 0 0	14 12 36 0 0 0 0 0 0	14 13 36 0 0 0 0 0 0	14 14 36 0 0 0 0 0 0	14 15 0 0 0 0 0 0 0	14 16 36 0 0 0 0 0 0	14 17 36 0 0 0 0 0 0	14 18 36 0 0 0 0 0 0	14 19 36 0 0 0 0 0 0	14 20 0 0 0 0 0 0 0	15 10 8 0 0 0 0 0 0	15 15 10 0 0 0 0 0 0	15 20 2 0 0 0 0 0 0	16 10 8 0 0 0 0 0 0	16 15 10 0 0 0 0 0 0	16 20 2 0 0 0 0 0 0	17 10 8 0 0 0 0 0 0	17 15 10 0 0 0 0 0 0	17 20 2 0 0 0 0 0 0	18 10 8 0 0 0 0 0 0	18 15 10 0 0 0 0 0 0	18 20 2 0 0 0 0 0 0	19 10 0 0 0 0 0 0 0	19 11 4 0 0 0 0 0 0	19 12 4 0 0 0 0 0 0	19 13 4 0 0 0 0 0 0	19 14 4 0 0 0 0 0 0	19 15 0 0 0 0 0 0 0	19 16 4 0 0 0 0 0 0	19 17 4 0 0 0 0 0 0	19 18 4 0 0 0 0 0 0	19 19 4 0 0 0 0 0 0	19 20 0 0 0 0 0 0 0	
9 10 0 0 0 0 0 0 0	9 11 32 0 0 0 0 0 0	9 12 32 0 0 0 0 0 0	9 13 32 0 0 0 0 0 0	9 14 32 0 0 0 0 0 0	9 15 0 0 0 0 0 0 0	9 16 32 0 0 0 0 0 0	9 17 32 0 0 0 0 0 0	9 18 32 0 0 0 0 0 0	9 19 32 0 0 0 0 0 0	9 20 0 0 0 0 0 0 0	10 10 8 0 0 0 0 0 0	10 15 10 0 0 0 0 0 0	10 20 2 0 0 0 0 0 0	11 10 8 0 0 0 0 0 0	11 15 10 0 0 0 0 0 0	11 20 2 0 0 0 0 0 0	12 10 8 0 0 0 0 0 0	12 15 10 0 0 0 0 0 0	12 20 2 0 0 0 0 0 0	13 10 8 0 0 0 0 0 0	13 15 10 0 0 0 0 0 0	13 20 2 0 0 0 0 0 0	14 10 0 0 0 0 0 0 0	14 11 36 0 0 0 0 0 0	14 12 36 0 0 0 0 0 0	14 13 36 0 0 0 0 0 0	14 14 36 0 0 0 0 0 0	14 15 0 0 0 0 0 0 0	14 16 36 0 0 0 0 0 0	14 17 36 0 0 0 0 0 0	14 18 36 0 0 0 0 0 0	14 19 36 0 0 0 0 0 0	14 20 0 0 0 0 0 0 0	15 10 8 0 0 0 0 0 0	15 15 10 0 0 0 0 0 0	15 20 2 0 0 0 0 0 0	16 10 8 0 0 0 0 0 0	16 15 10 0 0 0 0 0 0	16 20 2 0 0 0 0 0 0	17 10 8 0 0 0 0 0 0	17 15 10 0 0 0 0 0 0	17 20 2 0 0 0 0 0 0	18 10 8 0 0 0 0 0 0	18 15 10 0 0 0 0 0 0	18 20 2 0 0 0 0 0 0	19 10 0 0 0 0 0 0 0	19 11 4 0 0 0 0 0 0	19 12 4 0 0 0 0 0 0	19 13 4 0 0 0 0 0 0	19 14 4 0 0 0 0 0 0	19 15 0 0 0 0 0 0 0	19 16 4 0 0 0 0 0 0	19 17 4 0 0 0 0 0 0	19 18 4 0 0 0 0 0 0	19 19 4 0 0 0 0 0 0	19 20 0 0 0 0 0 0 0	
9 10 0 1 11 10 1 5 1	9 11 32 1 1 10 25 5 1	9 12 32 0 0 0 0 0 0	9 13 32 0 0 0 0 0 0	9 14 32 0 0 0 0 0 0	9 15 0 0 0 0 0 0 0	9 16 32 0 0 0 0 0 0	9 17 32 0 0 0 0 0 0	9 18 32 0 0 0 0 0 0	9 19 32 0 0 0 0 0 0	9 20 0 0 0 0 0 0 0	10 10 8 1 11 1 1 5 24	10 15 10 1 1 1 1 5 24	10 20 2 1 1 1 16 5 24	11 10 8 0 0 0 0 0 0	11 15 10 0 0 0 0 0 0	11 20 2 0 0 0 0 0 0	12 10 8 0 0 0 0 0 0	12 15 10 0 0 0 0 0 0	12 20 2 0 0 0 0 0 0	13 10 8 0 0 0 0 0 0	13 15 10 0 0 0 0 0 0	13 20 2 0 0 0 0 0 0	14 10 0 0 0 0 0 0 0	14 11 36 1 1 1 25 5 1	14 12 36 0 0 0 0 0 0	14 13 36 0 0 0 0 0 0	14 14 36 0 0 0 0 0 0	14 15 0 0 0 0 0 0 0	14 16 36 0 0 0 0 0 0	14 17 36 0 0 0 0 0 0	14 18 36 0 0 0 0 0 0	14 19 36 0 0 0 0 0 0	14 20 0 0 0 0 0 0 0	15 10 8 0 0 0 0 0 0	15 15 10 0 0 0 0 0 0	15 20 2 0 0 0 0 0 0	16 10 8 0 0 0 0 0 0	16 15 10 0 0 0 0 0 0	16 20 2 0 0 0 0 0 0	17 10 8 0 0 0 0 0 0	17 15 10 0 0 0 0 0 0	17 20 2 0 0 0 0 0 0	18 10 8 0 0 0 0 0 0	18 15 10 0 0 0 0 0 0	18 20 2 0 0 0 0 0 0	19 10 0 0 0 0 0 0 0	19 11 4 1 1 1 25 5 15	19 12 4 0 0 0 0 0 0	19 13 4 0 0 0 0 0 0	19 14 4 0 0 0 0 0 0	19 15 0 0 0 0 0 0 0	19 16 4 0 0 0 0 0 0	19 17 4 0 0 0 0 0 0	19 18 4 0 0 0 0 0 0	19 19 4 0 0 0 0 0 0	19 20 0 0 0 0 0 0 0	
9 10 0 0 0 0 0 0 0	9 11 32 0 0 0 0 0 0	9 12 32 0 0 0 0 0 0	9 13 32 0 0 0 0 0 0	9 14 32 0 0 0 0 0 0	9 15 0 0 0 0 0 0 0	9 16 32 0 0 0 0 0 0	9 17 32 0 0 0 0 0 0	9 18 32 0 0 0 0 0 0	9 19 32 0 0 0 0 0 0	9 20 0 0 0 0 0 0 0	10 10 8 0 0 0 0 0 0	10 15 10 0 0 0 0 0 0	10 20 2 0 0 0 0 0 0	11 10 8 0 0 0 0 0 0	11 15 10 0 0 0 0 0 0	11 20 2 0 0 0 0 0 0	12 10 8 0 0 0 0 0 0	12 15 10 0 0 0 0 0 0	12 20 2 0 0 0 0 0 0	13 10 8 0 0 0 0 0 0	13 15 10 0 0 0 0 0 0	13 20 2 0 0 0 0 0 0	14 10 0 0 0 0 0 0 0	14 11 36 0 0 0 0 0 0	14 12 36 0 0 0 0 0 0	14 13 36 0 0 0 0 0 0	14 14 36 0 0 0 0 0 0	14 15 0 0 0 0 0 0 0	14 16 36 0 0 0 0 0 0	14 17 36 0 0 0 0 0 0	14 18 36 0 0 0 0 0 0	14 19 36 0 0 0 0 0 0	14 20 0 0 0 0 0 0 0	15 10 8 0 0 0 0 0 0	15 15 10 0 0 0 0 0 0	15 20 2 0 0 0 0 0 0	16 10 8 0 0 0 0 0 0	16 15 10 0 0 0 0 0 0	16 20 2 0 0 0 0 0 0	17 10 8 0 0 0 0 0 0	17 15 10 0 0 0 0 0 0	17 20 2 0 0 0 0 0 0	18 10 8 0 0 0 0 0 0	18 15 10 0 0 0 0 0 0	18 20 2 0 0 0 0 0 0	19 10 0 0 0 0 0 0 0	19 11 4 0 0 0 0 0 0	19 12 4 0 0 0 0 0 0	19 13 4 0 0 0 0 0 0	19 14 4 0 0 0 0 0 0	19 15 0 0 0 0 0 0 0	19 16 4 0 0 0 0 0 0	19 17 4 0 0 0 0 0 0	19 18 4 0 0 0 0 0 0	19 19 4 0 0 0 0 0 0	19 20 0 0 0 0 0 0 0	
9 10 0 0 0 0 0 0 0	9 11 32 0 0 0 0 0 0	9 12 32 0 0 0 0 0 0	9 13 32 0 0 0 0 0 0	9 14 32 0 0 0 0 0 0	9 15 0 0 0 0 0 0 0	9 16 32 0 0 0 0 0 0	9 17 32 0 0 0 0 0 0	9 18 32 0 0 0 0 0 0	9 19 32 0 0 0 0 0 0	9 20 0 0 0 0 0 0 0	10 10 8 0 0 0 0 0 0	10 15 10 0 0 0 0 0 0	10 20 2 0 0 0 0 0 0	11 10 8 0 0 0 0 0 0	11 15 10 0 0 0 0 0 0	11 20 2 0 0 0 0 0 0	12 10 8 0 0 0 0 0 0	12 15 10 0 0 0 0 0 0	12 20 2 0 0 0 0 0 0	13 10 8 0 0 0 0 0 0	13 15 10 0 0 0 0 0 0	13 20 2 0 0 0 0 0 0	14 10 0 0 0 0 0 0 0	14 11 36 0 0 0 0 0 0	14 12 36 0 0 0 0 0 0	14 13 36 0 0 0 0 0 0	14 14 36 0 0 0 0 0 0	14 15 0 0 0 0 0 0 0	14 16 36 0 0 0 0 0 0	14 17 36 0 0 0 0 0 0	14 18 36 0 0 0 0 0 0	14 19 36 0 0 0 0 0 0	14 20 0 0 0 0 0 0 0	15 10 8 0 0 0 0 0 0	15 15 10 0 0 0 0 0 0	15 20 2 0 0 0 0 0 0	16 10 8 0 0 0 0 0 0	16 15 10 0 0 0 0 0 0	16 20 2 0 0 0 0 0 0	17 10 8 0 0 0 0 0 0	17 15 10 0 0 0 0 0 0	17 20 2 0 0 0 0 0 0	18 10 8 0 0 0 0 0 0	18 15 10 0 0 0 0 0 0	18 20 2 0 0 0 0 0 0	19 10 0 0 0 0 0 0 0	19 11 4 0 0 0 0 0 0	19 12 4 0 0 0 0 0 0	19 13 4 0 0 0 0 0 0	19 14 4 0 0 0 0 0 0	19 15 0 0 0 0 0 0 0	19 16 4 0 0 0 0 0 0	19 17 4 0 0 0 0 0 0	19 18 4 0 0 0 0 0 0	19 19 4 0 0 0 0 0 0	19 20 0 0 0 0 0 0 0	
9 10 0 0 0 0 0 0 0	9 11 32 0 0 0 0 0 0	9 12 32 0 0 0 0 0 0	9 13 32 0 0 0 0 0 0	9 14 32 0 0 0 0 0 0	9 15 0 0 0 0 0 0 0	9 16 32 0 0 0 0 0 0	9 17 32 0 0 0 0 0 0	9 18 32 0 0 0 0 0 0	9 19 32 0 0 0 0 0 0	9 20 0 0 0 0 0 0 0	10 10 8 0 0 0 0 0 0	10 15 10 0 0 0 0 0 0	10 20 2 0 0 0 0 0 0	11 10 8 0 0 0 0 0 0	11 15 10 0 0 0 0 0 0	11 20 2 0 0 0 0 0 0	12 10 8 0 0 0 0 0 0	12 15 10 0 0 0 0 0 0	12 20 2 0 0 0 0 0 0	13 10 8 0 0 0 0 0 0	13 15 10 0 0 0 0 0 0	13 20 2 0 0 0 0 0 0	14 10 0 0 0 0 0 0 0	14 11 36 0 0 0 0 0 0	14 12 36 0 0 0 0 0 0	14 13 36 0 0 0 0 0 0	14 14 36 0 0 0 0 0 0	14 15 0 0 0 0 0 0 0	14 16 36 0 0 0 0 0 0	14 17 36 0 0 0 0 0 0	14 18 36 0 0 0 0 0 0	14 19 36 0 0 0 0 0 0	14 20 0 0 0 0 0 0 0	15 10 8 0 0 0 0 0 0	15 15 10 0 0 0 0 0 0	15 20 2 0 0 0 0 0 0	16 10 8 0 0 0 0 0 0	16 15 10 0 0 0 0 0 0	16 20 2 0 0 0 0 0 0	17 10 8 0 0 0 0 0 0	17 15 10 0 0 0 0 0 0	17 20 2 0 0 0 0 0 0	18 10 8 0 0 0 0 0 0	18 15 10 0 0 0 0 0 0	18 20 2 0 0 0 0 0 0	19 10 0 0 0 0 0 0 0	19 11 4 0 0 0 0 0 0	19 12 4 0 0 0 0 0 0	19 13 4 0 0 0 0 0 0	19 14 4 0 0 0 0 0 0	19 15 0 0 0 0 0 0 0	19 16 4 0 0 0 0 0 0	19 17 4 0 0 0 0 0 0	19 18 4 0 0 0 0 0 0	19 19 4 0 0 0 0 0 0	19 20 0 0 0 0 0 0 0	
9 10 0 0 0 0 0 0 0	9 11 32 0 0 0 0 0 0	9 12 32 0 0 0 0 0 0	9 13 32 0 0 0 0 0 0	9 14 32 0 0 0 0 0 0	9 15 0 0 0 0 0 0 0	9 16 32 0 0 0 0 0 0	9 17 32 0 0 0 0 0 0	9 18 32 0 0 0 0 0 0	9 19 32 0 0 0 0 0 0	9 20 0 0 0 0 0 0 0	10 10 8 0 0 0 0 0 0	10 15 10 0 0 0 0 0 0	10 20 2 0 0 0 0 0 0	11 10 8 0 0 0 0 0 0	11 15 10 0 0 0 0 0 0	11 20 2 0 0 0 0 0 0	12 10 8 0 0 0 0 0 0	12 15 10 0 0 0 0 0 0	12 20 2 0 0 0 0 0 0	13 10 8 0 0 0 0 0 0	13 15 10 0 0 0 0 0 0	13 20 2 0 0 0 0 0 0	14 10 0 0 0 0 0 0 0	14 11 36 0 0 0 0 0 0	14 12 36 0 0 0 0 0 0	14 13 36 0 0 0 0 0 0	14 14 36 0 0 0 0 0 0	14 15 0 0 0 0 0 0 0	14 16 36 0 0 0 0 0 0	14 17 36 0 0 0 0 0 0	14 18 36 0 0 0 0 0 0	14 19 36 0 0 0 0 0 0	14 20 0 0 0 0 0 0 0	15 10 8 0 0 0 0 0 0	15 15 10 0 0 0 0 0 0	15 20 2 0 0 0 0 0 0	16 10 8 0 0 0 0 0 0	16 15 10 0 0 0 0 0 0	16 20 2 0 0 0 0 0 0	17 10 8 0 0 0 0 0 0	17 15 10 0 0 0 0 0 0	17 20 2 0 0 0 0 0 0	18 10 8 0 0 0 0 0 0	18 15 10 0 0 0 0 0 0	18 20 2 0 0 0 0 0 0	19 10 0 0 0 0 0 0 0	19 11 4 0 0 0 0 0 0	19 12 4 0 0 0 0 0 0	19 13 4 0 0 0 0 0 0	19 14 4 0 0 0 0 0 0	19 15 0 0 0 0 0 0 0	19 16 4 0 0 0 0 0 0	19 17 4 0 0 0 0 0 0	19 18 4 0 0 0 0 0 0	19 19 4 0 0 0 0 0 0	19 20 0 0 0 0 0 0 0	
9 10 0 1 11 10 1 5 1	9 11 32 1 1 10 25 5 1	9 12 32 0 0 0 0 0 0	9 13 32 0 0 0 0 0 0	9 14 32 0 0 0 0 0 0	9 15 0 0 0 0 0 0 0	9 16 32 0 0 0 0 0 0	9 17 32 0 0 0 0 0 0	9 18 32 0 0 0 0 0 0	9 19 32 0 0 0 0 0 0	9 20 0 0 0 0 0 0 0	10 10 8 1 11 1 1 5 24	10 15 10 1 1 1 1 5 24	10 20 2 1 1 1 16 5 24	11 10 8 0 0 0 0 0 0	11 15 10 0 0 0 0 0 0	11 20 2 0 0 0 0 0 0	12 10 8 0 0 0 0 0 0	12 15 10 0 0 0 0 0 0	12 20 2 0 0 0 0 0 0	13 10 8 0 0 0 0 0 0	13 15 10 0 0 0 0 0 0	13 20 2 0 0 0 0 0 0	14 10 0 0 0 0 0 0 0	14 11 36 1 1 1 25 5 1	14 12 36 0 0 0 0 0 0	14 13 36 0 0 0 0 0 0	14 14 36 0 0 0 0 0 0	14 15 0 0 0 0 0 0 0	14 16 36 0 0 0 0 0 0	14 17 36 0 0 0 0 0 0	14 18 36 0 0 0 0 0 0	14 19 36 0 0 0 0 0 0	14 20 0 0 0 0 0 0 0	15 10 8 0 0 0 0 0 0	15 15 10 0 0 0 0 0 0	15 20 2 0 0 0 0 0 0	16 10 8 0 0 0 0 0 0	16 15 10 0 0 0 0 0 0	16 20 2 0 0 0 0 0 0	17 10 8 0 0 0 0 0 0	17 15 10 0 0 0 0 0 0	17 20 2 0 0 0 0 0 0	18 10 8 0 0 0 0 0 0	18 15 10 0 0 0 0 0 0	18 20 2 0 0 0 0 0 0	19 10 0 0 0 0 0 0 0	19 11 4 1 1 1 25 5 15	19 12 4 0 0 0 0 0 0	19 13 4 0 0 0 0 0 0	19 14 4 0 0 0 0 0 0	19 15 0 0 0 0 0 0 0	19 16 4 0 0 0 0 0 0	19 17 4 0 0 0 0 0 0	19 18 4 0 0 0 0 0 0	19 19 4 0 0 0 0 0 0	19 20 0 0 0 0 0 0 0	
9 10 0 0 0 0 0 0 0	9 11 32 0 0 0 0 0 0	9 12 32 0 0 0 0 0 0	9 13 32 0 0 0 0 0 0	9 14 32 0 0 0 0 0 0	9 15 0 0 0 0 0 0 0	9 16 32 0 0 0 0 0 0	9 17 32 0 0 0 0 0 0	9 18 32 0 0 0 0 0 0	9 19 32 0 0 0 0 0 0	9 20 0 0 0 0 0 0 0	10 10 8 0 0 0 0 0 0	10 15 10 0 0 0 0 0 0	10 20 2 0 0 0 0 0 0	11 10 8 0 0 0 0 0 0	11 15 10 0 0 0 0 0 0	11 20 2 0 0 0 0 0 0	12 10 8 0 0 0 0 0 0	12 15 10 0 0 0 0 0 0	12 20 2 0 0 0 0 0 0	13 10 8 0 0 0 0 0 0	13 15 10 0 0 0 0 0 0	13 20 2 0 0 0 0 0 0	14 10 0 0 0 0 0 0 0	14 11 36 0 0 0 0 0 0	14 12 36 0 0 0 0 0 0	14 13 36 0 0 0 0 0 0	14 14 36 0 0 0 0 0 0	14 15 0 0 0 0 0 0 0	14 16 36 0 0 0 0 0 0	14 17 36 0 0 0 0 0 0	14 18 36 0 0 0 0 0 0	14 19 36 0 0 0 0 0 0	14 20 0 0 0 0 0 0 0	15 10 8 0 0 0 0 0 0	15 15 10 0 0 0 0 0 0	15 20 2 0 0 0 0 0 0	16 10 8 0 0 0 0 0 0	16 15 10 0 0 0 0 0 0	16 20 2 0 0 0 0 0 0	17 10 8 0 0 0 0 0 0	17 15 10 0 0 0 0 0 0	17 20 2 0 0 0 0 0 0	18 10 8 0 0 0 0 0 0	18 15 10 0 0 0 0 0 0	18 20 2 0 0 0 0 0 0	19 10 0 0 0 0 0 0 0	19 11 4 0 0 0 0 0 0	19 12 4 0 0 0 0 0 0	19 13 4 0 0 0 0 0 0	19 14 4 0 0 0 0 0 0	19 15 0 0 0 0 0 0 0	19 16 4 0 0 0 0 0 0	19 17 4 0 0 0 0 0 0	19 18 4 0 0 0 0 0 0	19 19 4 0 0 0 0 0 0	19 20 0 0 0 0 0 0 0	
9 10 0 0 0 0 0 0 0	9 11 32 0 0 0 0 0 0	9 12 32 0 0 0 0 0 0	9 13 32 0 0 0 0 0 0	9 14 32 0 0 0 0 0 0	9 15 0 0 0 0 0 0 0	9 16 32 0 0 0 0 0 0	9 17 32 0 0 0 0 0 0	9 18 32 0 0 0 0 0 0	9 19 32 0 0 0 0 0 0	9 20 0 0 0 0 0 0 0	10 10 8 0 0 0 0 0 0	10 15 10 0 0 0 0 0 0	10 20 2 0 0 0 0 0 0	11 10 8 0 0 0 0 0 0	11 15 10 0 0 0 0 0 0	11 20 2 0 0 0 0 0 0	12 10 8 0 0 0 0 0 0	12 15 10 0 0 0 0 0 0	12 20 2 0 0 0 0 0 0	13 10 8 0 0 0 0 0 0	13 15 10 0 0 0 0 0 0	13 20 2 0 0 0 0 0 0	14 10 0 0 0 0 0 0 0	14 11 36 0 0 0 0 0 0	14 12 36 0 0 0 0 0 0	14 13 36 0 0 0 0 0 0	14 14 36 0 0 0 0 0 0	14 15 0 0 0 0 0 0 0	14 16 36 0 0 0 0 0 0	14 17 36 0 0 0 0 0 0	14 18 36 0 0 0 0 0 0	14 19 36 0 0 0 0 0 0	14 20 0 0 0 0 0 0 0	15 10 8 0 0 0 0 0 0	15 15 10 0 0 0 0 0 0	15 20 2 0 0 0 0 0 0	16 10 8 0 0 0 0 0 0	16 15 10 0 0 0 0 0 0	16 20 2 0 0 0 0 0 0	17 10 8 0 0 0 0 0 0	17 15 10 0 0 0 0 0 0	17 20 2 0 0 0 0 0 0	18 10 8 0 0 0 0 0 0	18 15 10 0 0 0 0 0 0	18 20 2 0 0 0 0 0 0	19 10 0 0 0 0 0 0 0	19 11 4 0 0 0 0 0 0	19 12 4 0 0 0 0 0 0	19 13 4 0 0 0 0 0 0	19 14 4 0 0 0 0 0 0	19 15 0 0 0 0 0 0 0	19 16 4 0 0 0 0 0 0	19 17 4 0 0 0 0 0 0	19 18 4 0 0 0 0 0 0	19 19 4 0 0 0 0 0 0	19 20 0 0 0 0 0 0 0	
9 10 0 0 0 0 0 0 0	9 11 32 0 0 0 0 0 0	9 12 32 0 0 0 0 0 0	9 13 32 0 0 0 0 0 0	9 14 32 0 0 0 0 0 0	9 15 0 0 0 0 0 0 0	9 16 32 0 0 0 0 0 0	9 17 32 0 0 0 0 0 0	9 18 32 0 0 0 0 0 0	9 19 32 0 0 0 0 0 0	9 20 0 0 0 0 0 0 0	10 10 8 0 0 0 0 0 0	10 15 10 0 0 0 0 0 0	10 20 2 0 0 0 0 0 0	11 10 8 0 0 0 0 0 0	11 15 10 0 0 0 0 0 0	11 20 2 0 0 0 0 0 0	12 10 8 0 0 0 0 0 0	12 15 10 0 0 0 0 0 0	12 20 2 0 0 0 0 0 0	13 10 8 0 0 0 0 0 0	13 15 10 0 0 0 0 0 0	13 20 2 0 0 0 0 0 0	14 10 0 0 0 0 0 0 0	14 11 36 0 0 0 0 0 0	14 12 36 0 0 0 0 0 0	14 13 36 0 0 0 0 0 0	14 14 36 0 0 0 0 0 0	14 15 0 0 0 0 0 0 0	14 16 36 0 0 0 0 0 0	14 17 36 0 0 0 0 0 0	14 18 36 0 0 0 0 0 0	14 19 36 0 0 0 0 0 0	14 20 0 0 0 0 0 0 0	15 10 8 0 0 0 0 0 0	15 15 10 0 0 0 0 0 0	15 20 2 0 0 0 0 0 0	16 10 8 0 0 0 0 0 0	16 15 10 0 0 0 0 0 0	16 20 2 0 0 0 0 0 0	17 10 8 0 0 0 0 0 0	17 15 10 0 0 0 0 0 0	17 20 2 0 0 0 0 0 0	18 10 8 0 0 0 0 0 0	18 15 10 0 0 0 0 0 0	18 20 2 0 0 0 0 0 0	19 10 0 0 0 0 0 0 0	19 11 4 0 0 0 0 0 0	19 12 4 0 0 0 0 0 0	19 13 4 0 0 0 0 0 0	19 14 4 0 0 0 0 0 0	19 15 0 0 0 0 0 0 0	19 16 4 0 0 0 0 0 0	19 17 4 0 0 0 0 0 0	19 18 4 0 0 0 0 0 0	19 19 4 0 0 0 0 0 0	19 20 0 0 0 0 0 0 0	
9 10 0 0 0 0 0 0 0	9 11 32 0 0 0 0 0 0	9 12 32 0 0 0 0 0 0	9 13 32 0 0 0 0 0 0	9 14 32 0 0 0 0 0 0	9 15 0 0 0 0 0 0 0	9 16 32 0 0 0 0 0 0	9 17 32 0 0 0 0 0 0	9 18 32 0 0 0 0 0 0	9 19 32 0 0 0 0 0 0	9 20 0 0 0 0 0 0 0	10 10 8 0 0 0 0 0 0	10 15 10 0 0 0 0 0 0	10 20 2 0 0 0 0 0 0	11 10 8 0 0 0 0 0 0	11 15 10 0 0 0 0 0 0	11 20 2 0 0 0 0 0 0	12 10 8 0 0 0 0 0 0	12 15 10 0 0 0 0 0 0	12 20 2 0 0 0 0 0 0	13 10 8 0 0 0 0 0 0	13 15 10 0 0 0 0 0 0	13 20 2 0 0 0 0 0 0	14 10 0 0 0 0 0 0 0	14 11 36 0 0 0 0 0 0	14 12 36 0 0 0 0 0 0	14 13 36 0 0 0 0 0 0	14 14 36 0 0 0 0 0 0	14 15 0 0 0 0 0 0 0	14 16 36 0 0 0 0 0 0	14 17 36 0 0 0 0 0 0	14 18 36 0 0 0 0 0 0	14 19 36 0 0 0 0 0 0	14 20 0 0 0 0 0 0 0	15 10 8 0 0 0 0 0 0	15 15 10 0 0 0 0 0 0	15 20 2 0 0 0 0 0 0	16 10 8 0 0 0 0 0 0	16 15 10 0 0 0 0 0 0	16 20 2 0 0 0 0 0 0	17 10 8 0 0 0 0 0 0	17 15 10 0 0 0 0 0 0	17 20 2 0 0 0 0 0 0	18 10 8 0 0 0 0 0 0	18 15 10 0 0 0 0 0 0	18 20 2 0 0 0 0 0 0	19 10 0 0 0 0 0 0 0	19 11 4 0 0 0 0 0 0	19 12 4 0 0 0 0 0 0	19 13 4 0 0 0 0 0 0	19 14 4 0 0 0 0 0 0	19 15 0 0 0 0 0 0 0	19 16 4 0 0 0 0 0 0	19 17 4 0 0 0 0 0 0	19 18 4 0 0 0 0 0 0	19 19 4 0 0 0 0 0 0	19 20 0 0 0 0 0 0 0	
9 10 0 1 11 10 1 5 1	9 11 32 1 1 10 25 5 1	9 12 32 0 0 0 0 0 0	9 13 32 0 0 0 0 0 0	9 14 32 0 0 0 0 0 0	9 15 0 0 0 0 0 0 0	9 16 32 0 0 0 0 0 0	9 17 32 0 0 0 0 0 0	9 18 32 0 0 0 0 0 0	9 19 32 0 0 0 0 0 0	9 20 0 0 0 0 0 0 0	10 10 8 1 11 1 1 5 24	10 15 10 1 1 1 1 5 24	10 20 2 1 1 1 16 5 24	11 10 8 0 0 0 0 0 0	11 15 10 0 0 0 0 0 0	11 20 2 0 0 0 0 0 0	12 10 8 0 0 0 0 0 0	12 15 10 0 0 0 0 0 0	12 20 2 0 0 0 0 0 0	13 10 8 0 0 0 0 0 0	13 15 10 0 0 0 0 0 0	13 20 2 0 0 0 0 0 0	14 10 0 0 0 0 0 0 0	14 11 36 1 1 1 25 5 1	14 12 36 0 0 0 0 0 0	14 13 36 0 0 0 0 0 0	14 14 36 0 0 0 0 0 0	14 15 0 0 0 0 0 0 0	14 16 36 0 0 0 0 0 0	14 17 36 0 0 0 0 0 0	14 18 36 0 0 0 0 0 0	14 19 36 0 0 0 0 0 0	14 20 0 0 0 0 0 0 0	15 10 8 0 0 0 0 0 0	15 15 10 0 0 0 0 0 0	15 20 2 0 0 0 0 0 0	16 10 8 0 0 0 0 0 0	16 15 10 0 0 0 0 0 0	16 20 2 0 0 0 0 0 0	17 10 8 0 0 0 0 0 0	17 15 10 0 0 0 0 0 0	17 20 2 0 0 0 0 0 0	18 10 8 0 0 0 0 0 0	18 15 10 0 0 0 0 0 0	18 20 2 0 0 0 0 0 0	19 10 0 0 0 0 0 0 0	19 11 4 1 1 1 25 5 15	19 12 4 0 0 0 0 0 0	19 13 4 0 0 0 0 0 0	19 14 4 0 0 0 0 0 0	19 15 0 0 0 0 0 0 0	19 16 4 0 0 0 0 0 0	19 17 4 0 0 0 0 0 0	19 18 4 0 0 0 0 0 0	19 19 4 0 0 0 0 0 0	19 20 0 0 0 0 0 0 0	
9 10 0 0 0 0 0 0 0	9 11 32 0 0 0 0 0 0	9 12 32 0 0 0 0 0 0	9 13 32 0 0 0 0 0 0	9 14 32 0 0 0 0 0 0	9 15 0 0 0 0 0 0 0	9 16 32 0 0 0 0 0 0	9 17 32 0 0 0 0 0 0	9 18 32 0 0 0 0 0 0	9 19 32 0 0 0 0 0 0	9 20 0 0 0 0 0 0 0	10 10 8 0 0 0 0 0 0	10 15 10 0 0 0 0 0 0	10 20 2 0 0 0 0 0 0	11 10 8 0 0 0 0 0 0	11 15 10 0 0 0 0 0 0	11 20 2 0 0 0 0 0 0	12 10 8 0 0 0 0 0 0	12 15 10 0 0 0 0 0 0	12 20 2 0 0 0 0 0 0	13 10 8 0 0 0 0 0 0	13 15 10 0 0 0 0 0 0	13 20 2 0 0 0 0 0 0	14 10 0 0 0 0 0 0 0	14 11 36 0 0 0 0 0 0	14 12 36 0 0 0 0 0 0	14 13 36 0 0 0 0 0 0	14 14 36 0 0 0 0 0 0	14 15 0 0 0 0 0 0 0	14 16 36 0 0 0 0 0 0	14 17 36 0 0 0 0 0 0	14 18 36 0 0 0 0 0 0	14 19 36 0 0 0 0 0 0	14 20 0 0 0 0 0 0 0	15 10 8 0 0 0 0 0 0	15 15 10 0 0 0 0 0 0	15 20 2 0 0 0 0 0 0	16 10 8 0 0 0 0 0 0	16 15 10 0 0 0 0 0 0	16 20 2 0 0 0 0 0 0	17 10 8 0 0 0 0 0 0	17 15 10 0 0 0 0 0 0	17 20 2 0 0 0 0 0 0	18 10 8 0 0 0 0 0 0	18 15 10 0 0 0 0 0 0	18 20 2 0 0 0 0 0 0	19 10 0 0 0 0 0 0 0	19 11 4 0 0 0 0 0 0	19 12 4 0 0 0 0 0 0	19 13 4 0 0 0 0 0 0	19 14 4 0 0 0 0 0 0	19 15 0 0 0 0 0 0 0	19 16 4 0 0 0 0 0 0	19 17 4 0 0 0 0 0 0	19 18 4 0 0 0 0 0 0	19 19 4 0 0 0 0 0 0	19 20 0 0 0 0 0 0 0	
9 10 0 0 0 0 0 0 0	9 11 32 0 0 0 0 0 0	9 12 32 0 0 0 0 0 0	9 13 32 0 0 0 0 0 0	9 14 32 0 0 0 0 0 0	9 15 0 0 0 0 0 0 0	9 16 32 0 0 0 0 0 0	9 17 32 0 0 0 0 0 0	9 18 32 0 0 0 0 0 0	9 19 32 0 0 0 0 0 0	9 20 0 0 0 0 0 0 0	10 10 8 0 0 0 0 0 0	10 15 10 0 0 0 0 0 0	10 20 2 0 0 0 0 0 0	11 10 8 0 0 0 0 0 0	11 15 10 0 0 0 0 0 0	11 20 2 0 0 0 0 0 0	12 10 8 0 0 0 0 0 0	12 15 10 0 0 0 0 0 0	12 20 2 0 0 0 0 0 0	13 10 8 0 0 0 0 0 0	13 15 10 0 0 0 0 0 0	13 20 2 0 0 0 0 0 0	14 10 0 0 0 0 0 0 0	14 11 36 0 0 0 0 0 0	14 12 36 0 0 0 0 0 0	14 13 36 0 0 0 0 0 0	14 14 36 0 0 0 0 0 0	14 15 0 0 0 0 0 0 0	14 16 36 0 0 0 0 0 0	14 17 36 0 0 0 0 0 0	14 18 36 0 0 0 0 0 0	14 19 36 0 0 0 0 0 0	14 20 0 0 0 0 0 0 0	15 10 8 0 0 0 0 0 0	15 15 10 0 0 0 0 0 0	15 20 2 0 0 0 0 0 0	16 10 8 0 0 0 0 0 0	16 15 10 0 0 0 0 0 0	16 20 2 0 0 0 0 0 0	17 10 8 0 0 0 0 0 0	17 15 10 0 0 0 0 0 0	17 20 2 0 0 0 0 0 0	18 10 8 0 0 0 0 0 0	18 15 10 0 0 0 0 0 0	18 20 2 0 0 0 0 0 0	19 10 0 0 0 0 0 0 0	19 11 4 0 0 0 0 0 0	19 12 4 0 0 0 0 0 0	19 13 4 0 0 0 0 0 0	19 14 4 0 0 0 0 0 0	19 15 0 0 0 0 0 0 0	19 16 4 0 0 0 0 0 0	19 17 4 0 0 0 0 0 0	19 18 4 0 0 0 0 0 0	19 19 4 0 0 0 0 0 0	19 20 0 0 0 0 0 0 0	
9 10 0 0 0 0 0 0 0	9 11 32 0 0 0 0 0 0	9 12 32 0 0 0 0 0 0	9 13 32 0 0 0 0 0 0	9 14 32 0 0 0 0 0 0	9 15 0 0 0 0 0 0 0	9 16 32 0 0 0 0 0 0	9 17 32 0 0 0 0 0 0	9 18 32 0 0 0 0 0 0	9 19 32 0 0 0 0 0 0	9 20 0 0 0 0 0 0 0	10 10 8 0 0 0 0 0 0	10 15 10 0 0 0 0 0 0	10 20 2 0 0 0 0 0 0	11 10 8 0 0 0 0 0 0	11 15 10 0 0 0 0 0 0	11 20 2 0 0 0 0 0 0	12 10 8 0 0 0 0 0 0	12 15 10 0 0 0 0 0 0	12 20 2 0 0 0 0 0 0	13 10 8 0 0 0 0 0 0	13 15 10 0 0 0 0 0 0	13 20 2 0 0 0 0 0 0	14 10 0 0 0 0 0 0 0	14 11 36 0 0 0 0 0 0	14 12 36 0 0 0 0 0 0	14 13 36 0 0 0 0 0 0	14 14 36 0 0 0 0 0 0	14 15 0 0 0 0 0 0 0	14 16 36 0 0 0 0 0 0	14 17 36 0 0 0 0 0 0	14 18 36 0 0 0 0 0 0	14 19 36 0 0 0 0 0 0	14 20 0 0 0 0 0 0 0	15 10 8 0 0 0 0 0 0	15 15 10 0 0 0 0 0 0	15 20 2 0 0 0 0 0 0	16 10 8 0 0 0 0 0 0	16 15 10 0 0 0 0 0 0	16 20 2 0 0 0 0 0 0	17 10 8 0 0 0 0 0 0	17 15 10 0 0 0 0 0 0	17 20 2 0 0 0 0 0 0	18 10 8 0 0 0 0 0 0	18 15 10 0 0 0 0 0 0	18 20 2 0 0 0 0 0 0	19 10 0 0 0 0 0 0 0	19 11 4 0 0 0 0 0 0	19 12 4 0 0 0 0 0 0	19 13 4 0 0 0 0 0 0	19 14 4 0 0 0 0 0 0	19 15 0 0 0 0 0 0 0	19 16 4 0 0 0 0 0 0	19 17 4 0 0 0 0 0 0	19 18 4 0 0 0 0 0 0	19 19 4 0 0 0 0 0 0	19 20 0 0 0 0 0 0 0	
9 10 0 0 0 0 0 0 0	9 11 32 0 0 0 0 0 0	9 12 32 0 0 0 0 0 0	9 13 32 0 0 0 0 0 0	9 14 32 0 0 0 0 0 0	9 15 0 0 0 0 0 0 0	9 16 32 0 0 0 0 0 0	9 17 32 0 0 0 0 0 0	9 18 32 0 0 0 0 0 0	9 19 32 0 0 0 0 0 0	9 20 0 0 0 0 0 0 0	10 10 8 0 0 0 0 0 0	10 15 10 0 0 0 0 0 0	10 20 2 0 0 0 0 0 0	11 10 8 0 0 0 0 0 0	11 15 10 0 0 0 0 0 0	11 20 2 0 0 0 0 0 0	12 10 8 0 0 0 0 0 0	12 15 10 0 0 0 0 0 0	12 20 2 0 0 0 0 0 0	13 10 8 0 0 0 0 0 0	13 15 10 0 0 0 0 0 0	13 20 2 0 0 0 0 0 0	14 10 0 0 0 0 0 0 0	14 11 36 0 0 0 0 0 0	14 12 36 0 0 0 0 0 0	14 13 36 0 0 0 0 0 0	14 14 36 0 0 0 0 0 0	14 15 0 0 0 0 0 0 0	14 16 36 0 0 0 0 0 0	14 17 36 0 0 0 0 0 0	14 18 36 0 0 0 0 0 0	14 19 36 0 0 0 0 0 0	14 20 0 0 0 0 0 0 0	15 10 8 0 0 0 0 0 0	15 15 10 0 0 0 0 0 0	15 20 2 0 0 0 0 0 0	16 10 8 0 0 0 0 0 0	16 15 10 0 0 0 0 0 0	16 20 2 0 0 0 0 0 0	17 10 8 0 0 0 0 0 0	17 15 10 0 0 0 0 0 0	17 20 2 0 0 0 0 0 0	18 10 8 0 0 0 0 0 0	18 15 10 0 0 0 0 0 0	18 20 2 0 0 0 0 0 0	19 10 0 0 0 0 0 0 0	19 11 4 0 0 0 0 0 0	19 12 4 0 0 0 0 0 0	19 13 4 0 0 0 0 0 0	19 14 4 0 0 0 0 0 0	19 15 0 0 0 0 0 0 0	19 16 4 0 0 0 0 0 0	19 17 4 0 0 0 0 0 0	19 18 4 0 0 0 0 0 0	19 19 4 0 0 0 0 0 0	19 20 0 0 0 0 0 0 0	
9 10 0 1 11 10 1 5 1	9 11 32 1 1 10 25 5 1	9 12 32 0 0 0 0 0 0	9 13 32 0 0 0 0 0 0	9 14 32 0 0 0 0 0 0	9 15 0 0 0 0 0 0 0	9 16 32 0 0 0 0 0 0	9 17 32 0 0 0 0 0 0	9 18 32 0 0 0 0 0 0	9 19 32 0 0 0 0 0 0	9 20 0 0 0 0 0 0 0	10 10 8 1 11 1 1 5 24	10 15 10 1 1 1 1 5 24	10 20 2 1 1 1 16 5 24	11 10 8 0 0 0 0 0 0	11 15 10 0 0 0 0 0 0	11 20 2 0 0 0 0 0 0	12 10 8 0 0 0 0 0 0	12 15 10 0 0 0 0 0 0	12 20 2 0 0 0 0 0 0	13 10 8 0 0 0 0 0 0	13 15 10 0 0 0 0 0 0	13 20 2 0 0 0 0 0 0	14 10 0 0 0 0 0 0 0	14 11 36 1 1 1 25 5 1	14 12 36 0 0 0 0 0 0	14 13 36 0 0 0 0 0 0	14 14 36 0 0 0 0 0 0	14 15 0 0 0 0 0 0 0	14 16 36 0 0 0 0 0 0	14 17 36 0 0 0 0 0 0	14 18 36 0 0 0 0 0 0	14 19 36 0 0 0 0 0 0	14 20 0 0 0 0 0 0 0	15 10 8 0 0 0 0 0 0	15 15 10 0 0 0 0 0 0	15 20 2 0 0 0 0 0 0	16 10 8 0 0 0 0 0 0	16 15 10 0 0 0 0 0 0	16 20 2 0 0 0 0 0 0	17 10 8 0 0 0 0 0 0	17 15 10 0 0 0 0 0 0	17 20 2 0 0 0 0 0 0	18 10 8 0 0 0 0 0 0	18 15 10 0 0 0 0 0 0	18 20 2 0 0 0 0 0 0	19 10 0 0 0 0 0 0 0	19 11 4 1 1 1 25 5 15	19 12 4 0 0 0 0 0 0	19 13 4 0 0 0 0 0 0	19 14 4 0 0 0 0 0 0	19 15 0 0 0 0 0 0 0	19 16 4 0 0 0 0 0 0	19 17 4 0 0 0 0 0 0	19 18 4 0 0 0 0 0 0	19 19 4 0 0 0 0 0 0	19 20 0 0 0 0 0 0 0	
9 10 0 0 0 0 0 0 0	9 11 32 0 0 0 0 0 0	9 12 32 0 0 0 0 0 0	9 13 32 0 0 0 0 0 0	9 14 32 0 0 0 0 0 0	9 15 0 0 0 0 0 0 0	9 16 32 0 0 0 0 0 0	9 17 32 0 0 0 0 0 0	9 18 32 0 0 0 0 0 0	9 19 32 0 0 0 0 0 0	9 20 0 0 0 0 0 0 0	10 10 8 0 0 0 0 0 0	10 15 10 0 0 0 0 0 0	10 20 2 0 0 0 0 0 0	11 10 8 0 0 0 0 0 0	11 15 10 0 0 0 0 0 0	11 20 2 0 0 0 0 0 0	12 10 8 0 0 0 0 0 0	12 15 10 0 0 0 0 0 0	12 20 2 0 0 0 0 0 0	13 10 8 0 0 0 0 0 0	13 15 10 0 0 0 0 0 0	13 20 2 0 0 0 0 0 0	14 10 0 0 0 0 0 0 0	14 11 36 0 0 0 0 0 0	14 12 36 0 0 0 0 0 0	14 13 36 0 0 0 0 0 0	14 14 36 0 0 0 0 0 0	14 15 0 0 0 0 0 0 0	14 16 36 0 0 0 0 0 0	14 17 36 0 0 0 0 0 0	14 18 36 0 0 0 0 0 0	14 19 36 0 0 0 0 0 0	14 20 0 0 0 0 0 0 0	15 10 8 0 0 0 0 0 0	15 15 10 0 0 0 0 0 0	15 20 2 0 0 0 0 0 0	16 10 8 0 0 0 0 0 0	16 15 10 0 0 0 0 0 0	16 20 2 0 0 0 0 0 0	17 10 8 0 0 0 0 0 0	17 15 10 0 0 0 0 0 0	17 20 2 0 0 0 0 0 0	18 10 8 0 0 0 0 0 0	18 15 10 0 0 0 0 0 0	18 20 2 0 0 0 0 0 0	19 10 0 0 0 0 0 0 0	19 11 4 0 0 0 0 0 0	19 12 4 0 0 0 0 0 0	19 13 4 0 0 0 0 0 0	19 14 4 0 0 0 0 0 0	19 15 0 0 0 0 0 0 0	19 16 4 0 0 0 0 0 0	19 17 4 0 0 0 0 0 0	19 18 4 0 0 0 0 0 0	19 19 4 0 0 0 0 0 0	19 20 0 0 0 0 0 0 0	
9 10 0 0 0 0 0 0 0	9 11 32 0 0 0 0 0 0	9 12 32 0 0 0 0 0 0	9 13 32 0 0 0 0 0 0	9 14 32 0 0 0 0 0 0	9 15 0 0 0 0 0 0 0	9 16 32 0 0 0 0 0 0	9 17 32 0 0 0 0 0 0	9 18 32 0 0 0 0 0 0	9 19 32 0 0 0 0 0 0	9 20 0 0 0 0 0 0 0	10 10 8 0 0 0 0 0 0	10 15 10 0 0 0 0 0 0	10 20 2 0 0 0 0 0 0	11 10 8 0 0 0 0 0 0	11 15 10 0 0 0 0 0 0	11 20 2 0 0 0 0 0 0	12 10 8 0 0 0 0 0 0	12 15 10 0 0 0 0 0 0	12 20 2 0 0 0 0 0 0	13 10 8 0 0 0 0 0 0	13 15 10 0 0 0 0 0 0	13 20 2 0 0 0 0 0 0	14 10 0 0 0 0 0 0 0	14 11 36 0 0 0 0 0 0	14 12 36 0 0 0 0 0 0	14 13 36 0 0 0 0 0 0	14 14 36 0 0 0 0 0 0	14 15 0 0 0 0 0 0 0	14 16 36 0 0 0 0 0 0	14 17 36 0 0 0 0 0 0	14 18 36 0 0 0 0 0 0	14 19 36 0 0 0 0 0 0	14 20 0 0 0 0 0 0 0	15 10 8 0 0 0 0 0 0	15 15 10 0 0 0 0 0 0	15 20 2 0 0 0 0 0 0	16 10 8 0 0 0 0 0 0	16 15 10 0 0 0 0 0 0	16 20 2 0 0 0 0 0 0	17 10 8 0 0 0 0 0 0	17 15 10 0 0 0 0 0 0	17 20 2 0 0 0 0 0 0	18 10 8 0 0 0 0 0 0	18 15 10 0 0 0 0 0 0	18 20 2 0 0 0 0 0 0	19 10 0 0 0 0 0 0 0	19 11 4 0 0 0 0 0 0	19 12 4 0 0 0 0 0 0	19 13 4 0 0 0 0 0 0	19 14 4 0 0 0 0 0 0	19 15 0 0 0 0 0 0 0	19 16 4 0 0 0 0 0 0	19 17 4 0 0 0 0 0 0	19 18 4 0 0 0 0 0 0	19 19 4 0 0 0 0 0 0	19 20 0 0 0 0 0 0 0	
9 10 0 0 0 0 0 0 0	9 11 32 0 0 0 0 0 0	9 12 32 0 0 0 0 0 0	9 13 32 0 0 0 0 0 0	9 14 32 0 0 0 0 0 0	9 15 0 0 0 0 0 0 0	9 16 32 0 0 0 0 0 0	9 17 32 0 0 0 0 0 0	9 18 32 0 0 0 0 0 0	9 19 32 0 0 0 0 0 0	9 20 0 0 0 0 0 0 0	10 10 8 0 0 0 0 0 0	10 15 10 0 0 0 0 0 0	10 20 2 0 0 0 0 0 0	11 10 8 0 0 0 0 0 0	11 15 10 0 0 0 0 0 0	11 20 2 0 0 0 0 0 0	12 10 8 0 0 0 0 0 0	12 15 10 0 0 0 0 0 0	12 20 2 0 0 0 0 0 0	13 10 8 0 0 0 0 0 0	13 15 10 0 0 0 0 0 0	13 20 2 0 0 0 0 0 0	14 10 0 0 0 0 0 0 0	14 11 36 0 0 0 0 0 0	14 12 36 0 0 0 0 0 0	14 13 36 0 0 0 0 0 0	14 14 36 0 0 0 0 0 0	14 15 0 0 0 0 0 0 0	14 16 36 0 0 0 0 0 0	14 17 36 0 0 0 0 0 0	14 18 36 0 0 0 0 0 0	14 19 36 0 0 0 0 0 0	14 20 0 0 0 0 0 0 0	15 10 8 0 0 0 0 0 0	15 15 10 0 0 0 0 0 0	15 20 2 0 0 0 0 0 0	16 10 8 0 0 0 0 0 0	16 15 10 0 0 0 0 0 0	16 20 2 0 0 0 0 0 0	17 10 8 0 0 0 0 0 0	17 15 10 0 0 0 0 0 0	17 20 2 0 0 0 0 0 0	18 10 8 0 0 0 0 0 0	18 15 10 0 0 0 0 0 0	18 20 2 0 0 0 0 0 0	19 10 0 0 0 0 0 0 0	19 11 4 0 0 0 0 0 0	19 12 4 0 0 0 0 0 0	19 13 4 0 0 0 0 0 0	19 14 4 0 0 0 0 0 0	19 15 0 0 0 0 0 0 0	19 16 4 0 0 0 0 0 0	19 17 4 0 0 0 0 0 0	19 18 4 0 0 0 0 0 0	19 19 4 0 0 0 0 0 0	19 20 0 0 0 0 0 0 0	
9 10 0 0 0 0 0 0 0	9 11 32 0 0 0 0 0 0	9 12 32 0 0 0 0 0 0	9 13 32 0 0 0 0 0 0	9 14 32 0 0 0 0 0 0	9 15 0 0 0 0 0 0 0	9 16 32 0 0 0 0 0 0	9 17 32 0 0 0 0 0 0	9 18 32 0 0 0 0 0 0	9 19 32 0 0 0 0 0 0	9 20 0 0 0 0 0 0 0	10 10 8 0 0 0 0 0 0	10 15 10 0 0 0 0 0 0	10 20 2 0 0 0 0 0 0	11 10 8 0 0 0 0 0 0	11 15 10 0 0 0 0 0 0	11 20 2 0 0 0 0 0 0	12 10 8 0 0 0 0 0 0	12 15 10 0 0 0 0 0 0	12 20 2 0 0 0 0 0 0	13 10 8 0 0 0 0 0 0	13 15 10 0 0 0 0 0 0	13 20 2 0 0 0 0 0 0	14 10 0 0 0 0 0 0 0	14 11 36 0 0 0 0 0 0	14 12 36 0 0 0 0 0 0	14 13 36 0 0 0 0 0 0	14 14 36 0 0 0 0 0 0	14 15 0 0 0 0 0 0 0	14 16 36 0 0 0 0 0 0	14 17 36 0 0 0 0 0 0	14 18 36 0 0 0 0 0 0	14 19 36 0 0 0 0 0 0	14 20 0 0 0 0 0 0 0	15 10 8 0 0 0 0 0 0	15 15 10 0 0 0 0 0 0	15 20 2 0 0 0 0 0 0	16 10 8 0 0 0 0 0 0	16 15 10 0 0 0 0 0 0	16 20 2 0 0 0 0 0 0	17 10 8 0 0 0 0 0 0	17 15 10 0 0 0 0 0 0	17 20 2 0 0 0 0 0 0	18 10 8 0 0 0 0 0 0	18 15 10 0 0 0 0 0 0	18 20 2 0 0 0 0 0 0	19 10 0 0 0 0 0 0 0	19 11 4 0 0 0 0 0 0	19 12 4 0 0 0 0 0 0	19 13 4 0 0 0 0 0 0	19 14 4 0 0 0 0 0 0	19 15 0 0 0 0 0 0 0	19 16 4 0 0 0 0 0 0	19 17 4 0 0 0 0 0 0	19 18 4 0 0 0 0 0 0	19 19 4 0 0 0 0 0 0	19 20 0 0 0 0 0 0 0	
9 10 1 1 11 10 1 5 1	9 11 33 1 1 10 25 5 1	9 12 33 0 0 0 0 0 0	9 13 33 0 0 0 0 0 0	9 14 33 0 0 0 0 0 0	9 15 1 0 0 0 0 0 0	9 16 33 0 0 0 0 0 0	9 17 33 0 0 0 0 0 0	9 18 33 0 0 0 0 0 0	9 19 33 0 0 0 0 0 0	9 20 1 0 0 0 0 0 0	10 10 9 1 11 1 1 5 24	10 15 11 1 1 1 1 5 24	10 20 3 1 1 1 16 5 24	11 10 9 0 0 0 0 0 0	11 15 11 0 0 0 0 0 0	11 20 3 0 0 0 0 0 0	12 10 9 0 0 0 0 0 0	12 15 11 0 0 0 0 0 0	12 20 3 0 0 0 0 0 0	13 10 9 0 0 0 0 0 0	13 15 11 0 0 0 0 0 0	13 20 3 0 0 0 0 0 0	14 10 1 0 0 0 0 0 0	14 11 37 1 1 1 25 5 1	14 12 37 0 0 0 0 0 0	14 13 37 0 0 0 0 0 0	14 14 37 0 0 0 0 0 0	14 15 1 0 0 0 0 0 0	14 16 37 0 0 0 0 0 0	14 17 37 0 0 0 0 0 0	14 18 37 0 0 0 0 0 0	14 19 37 0 0 0 0 0 0	14 20 1 0 0 0 0 0 0	15 10 9 0 0 0 0 0 0	15 15 11 0 0 0 0 0 0	15 20 3 0 0 0 0 0 0	16 10 9 0 0 0 0 0 0	16 15 11 0 0 0 0 0 0	16 20 3 0 0 0 0 0 0	17 10 9 0 0 0 0 0 0	17 15 11 0 0 0 0 0 0	17 20 3 0 0 0 0 0 0	18 10 9 0 0 0 0 0 0	18 15 11 0 0 0 0 0 0	18 20 3 0 0 0 0 0 0	19 10 1 0 0 0 0 0 0	19 11 5 1 1 1 25 5 15	19 12 5 0 0 0 0 0 0	19 13 5 0 0 0 0 0 0	19 14 5 0 0 0 0 0 0	19 15 1 0 0 0 0 0 0	19 16 5 0 0 0 0 0 0	19 17 5 0 0 0 0 0 0	19 18 5 0 0 0 0 0 0	19 19 5 0 0 0 0 0 0	19 20 1 0 0 0 0 0 0	
