[BASEPOINT]
#       X         Y         Z
-0.500000	0.000001	0.000001
0.000001	0.000001	0.000001
0.00491824	-0.0459063	0.000000
0.0471334	-0.0646002	0.000000
0.0422152	-0.0186939	0.000000
0.0795121	0.00851864	0.000000
0.0844304	-0.0373877	0.000000
0.0893486	-0.0832941	0.000000
0.0520517	-0.110507	0.000000
0.0569699	-0.156413	0.000000
0.0991851	-0.175107	0.000000
0.1414	-0.193801	0.000000
0.136482	-0.147894	0.000000
0.0942668	-0.1292	0.000000
0.131564	-0.101988	0.000000
0.173779	-0.120682	0.000000
0.211076	-0.0934693	0.000000
0.206158	-0.0475629	0.000000
0.201239	-0.00165658	0.000000
0.163942	-0.0288691	0.000000
0.168861	-0.0747754	0.000000
0.126646	-0.0560816	0.000000
0.121727	-0.0101752	0.000000
0.159024	0.0170373	0.000000
0.154106	0.0629436	0.000000
0.116809	0.0357311	0.000000
0.0745939	0.054425	0.000000
0.111891	0.0816375	0.000000
0.149188	0.10885	0.000000
0.191403	0.0901561	0.000000
0.196321	0.0442498	0.000000
0.238536	0.0255559	0.000000
0.233618	0.0714623	0.000000
0.270915	0.0986747	0.000000
0.275833	0.0527684	0.000000
0.280752	0.00686205	0.000000
0.243455	-0.0203504	0.000000
0.248373	-0.0662568	0.000000
0.290588	-0.0849506	0.000000
0.28567	-0.0390443	0.000000
0.322967	-0.0118318	0.000000
0.327885	-0.0577381	0.000000
0.332803	-0.103644	0.000000
0.295506	-0.130857	0.000000
0.253291	-0.112163	0.000000
0.215994	-0.139376	0.000000
0.178697	-0.166588	0.000000
0.220912	-0.185282	0.000000
0.258209	-0.158069	0.000000
0.263128	-0.203976	0.000000
0.225831	-0.231188	0.000000
0.230749	-0.277095	0.000000
0.272964	-0.295789	0.000000
0.268046	-0.249882	0.000000
0.305343	-0.22267	0.000000
0.310261	-0.268576	0.000000
0.315179	-0.314482	0.000000
0.277882	-0.341695	0.000000
0.2828	-0.387601	0.000000
0.325016	-0.406295	0.000000
0.367231	-0.424989	0.000000
0.362313	-0.379083	0.000000
0.320097	-0.360389	0.000000
0.357394	-0.333176	0.000000
0.39961	-0.35187	0.000000
0.404528	-0.397776	0.000000
0.446743	-0.41647	0.000000
0.488958	-0.435164	0.000000
0.48404	-0.389258	0.000000
0.441825	-0.370564	0.000000
0.479122	-0.343351	0.000000
0.521337	-0.362045	0.000000
0.558634	-0.334833	0.000000
0.553716	-0.288926	0.000000
0.548797	-0.24302	0.000000
0.5115	-0.270233	0.000000
0.516419	-0.316139	0.000000
0.474203	-0.297445	0.000000
0.469285	-0.251539	0.000000
0.42707	-0.232845	0.000000
0.389773	-0.260057	0.000000
0.431988	-0.278751	0.000000
0.436906	-0.324658	0.000000
0.394691	-0.305964	0.000000
0.352476	-0.28727	0.000000
0.347558	-0.241364	0.000000
0.384855	-0.214151	0.000000
0.379937	-0.168245	0.000000
0.34264	-0.195457	0.000000
0.300424	-0.176763	0.000000
0.337721	-0.149551	0.000000
0.375018	-0.122338	0.000000
0.417234	-0.141032	0.000000
0.422152	-0.186939	0.000000
0.464367	-0.205632	0.000000
0.506582	-0.224326	0.000000
0.501664	-0.17842	0.000000
0.459449	-0.159726	0.000000
0.496746	-0.132514	0.000000
0.538961	-0.151207	0.000000
0.576258	-0.123995	0.000000
0.57134	-0.0780886	0.000000
0.534043	-0.105301	0.000000
0.491827	-0.0866072	0.000000
0.529124	-0.0593947	0.000000
0.566421	-0.0321822	0.000000
0.608636	-0.0508761	0.000000
0.645933	-0.0236636	0.000000
0.641015	0.0222427	0.000000
0.636097	0.0681491	0.000000
0.5988	0.0409366	0.000000
0.603718	-0.00496975	0.000000
0.561503	0.0137241	0.000000
0.556585	0.0596304	0.000000
0.593882	0.0868429	0.000000
0.588964	0.132749	0.000000
0.584045	0.178656	0.000000
0.546748	0.151443	0.000000
0.551667	0.105537	0.000000
0.509451	0.124231	0.000000
0.504533	0.170137	0.000000
0.462318	0.188831	0.000000
0.425021	0.161618	0.000000
0.387724	0.134406	0.000000
0.429939	0.115712	0.000000
0.467236	0.142925	0.000000
0.472154	0.0970182	0.000000
0.434858	0.0698057	0.000000
0.439776	0.0238993	0.000000
0.481991	0.00520547	0.000000
0.477073	0.0511118	0.000000
0.51437	0.0783243	0.000000
0.519288	0.032418	0.000000
0.524206	-0.0134884	0.000000
0.486909	-0.0407009	0.000000
0.444694	-0.022007	0.000000
0.407397	-0.0492195	0.000000
0.449612	-0.0679134	0.000000
0.45453	-0.11382	0.000000
0.412315	-0.0951259	0.000000
0.3701	-0.076432	0.000000
0.365182	-0.0305257	0.000000
0.402479	-0.00331317	0.000000
0.397561	0.0425932	0.000000
0.392642	0.0884995	0.000000
0.355345	0.061287	0.000000
0.360264	0.0153807	0.000000
0.318048	0.0340745	0.000000
0.31313	0.0799809	0.000000
0.350427	0.107193	0.000000
0.345509	0.1531	0.000000
0.308212	0.125887	0.000000
0.265997	0.144581	0.000000
0.303294	0.171794	0.000000
0.340591	0.199006	0.000000
0.382806	0.180312	0.000000
0.420103	0.207525	0.000000
0.415185	0.253431	0.000000
0.410266	0.299337	0.000000
0.372969	0.272125	0.000000
0.377888	0.226219	0.000000
0.335672	0.244912	0.000000
0.330754	0.290819	0.000000
0.288539	0.309513	0.000000
0.251242	0.2823	0.000000
0.213945	0.255088	0.000000
0.25616	0.236394	0.000000
0.293457	0.263606	0.000000
0.298376	0.2177	0.000000
0.261079	0.190487	0.000000
0.218863	0.209181	0.000000
0.181566	0.181969	0.000000
0.223782	0.163275	0.000000
0.2287	0.117369	0.000000
0.186485	0.136062	0.000000
0.14427	0.154756	0.000000
0.139351	0.200663	0.000000
0.176648	0.227875	0.000000
0.17173	0.273781	0.000000
0.134433	0.246569	0.000000
0.0922179	0.265263	0.000000
0.129515	0.292475	0.000000
0.166812	0.319688	0.000000
0.209027	0.300994	0.000000
0.246324	0.328206	0.000000
0.241406	0.374113	0.000000
0.204109	0.3469	0.000000
0.161894	0.365594	0.000000
0.19919	0.392807	0.000000
0.236487	0.420019	0.000000
0.278703	0.401325	0.000000
0.283621	0.355419	0.000000
0.325836	0.336725	0.000000
0.368051	0.318031	0.000000
0.363133	0.363938	0.000000
0.320918	0.382631	0.000000
0.358215	0.409844	0.000000
0.40043	0.39115	0.000000
0.405348	0.345244	0.000000
0.447563	0.32655	0.000000
0.442645	0.372456	0.000000
0.479942	0.399669	0.000000
0.48486	0.353762	0.000000
0.489778	0.307856	0.000000
0.452482	0.280644	0.000000
0.4574	0.234737	0.000000
0.499615	0.216043	0.000000
0.54183	0.197349	0.000000
0.536912	0.243256	0.000000
0.494697	0.26195	0.000000
0.531994	0.289162	0.000000
0.574209	0.270468	0.000000
0.611506	0.297681	0.000000
0.606588	0.343587	0.000000
0.601669	0.389493	0.000000
0.564372	0.362281	0.000000
0.569291	0.316375	0.000000
0.527075	0.335069	0.000000
0.522157	0.380975	0.000000
0.559454	0.408187	0.000000
0.554536	0.454094	0.000000
0.517239	0.426881	0.000000
0.475024	0.445575	0.000000
0.512321	0.472788	0.000000
0.549618	0.5	0.000000
0.591833	0.481306	0.000000
0.596751	0.4354	0.000000
0.638966	0.416706	0.000000
0.634048	0.462612	0.000000
0.671345	0.489825	0.000000
0.676263	0.443918	0.000000
0.681181	0.398012	0.000000
0.643884	0.3708	0.000000
0.648803	0.324893	0.000000
0.691018	0.306199	0.000000
0.6861	0.352106	0.000000
0.723397	0.379318	0.000000
0.728315	0.333412	0.000000
0.733233	0.287506	0.000000
0.695936	0.260293	0.000000
0.653721	0.278987	0.000000
0.616424	0.251774	0.000000
0.579127	0.224562	0.000000
0.621342	0.205868	0.000000
0.658639	0.233081	0.000000
0.663557	0.187174	0.000000
0.62626	0.159962	0.000000
0.631179	0.114055	0.000000
0.673394	0.0953616	0.000000
0.668476	0.141268	0.000000
0.705773	0.16848	0.000000
0.710691	0.122574	0.000000
0.715609	0.0766677	0.000000
0.678312	0.0494552	0.000000
0.68323	0.00354888	0.000000
0.725446	-0.015145	0.000000
0.767661	-0.0338388	0.000000
0.762743	0.0120675	0.000000
0.720527	0.0307614	0.000000
0.757824	0.0579739	0.000000
0.800039	0.03928	0.000000
0.837336	0.0664925	0.000000
0.832418	0.112399	0.000000
0.8275	0.158305	0.000000
0.790203	0.131093	0.000000
0.795121	0.0851864	0.000000
0.752906	0.10388	0.000000
0.747988	0.149787	0.000000
0.785285	0.176999	0.000000
0.780366	0.222905	0.000000
0.74307	0.195693	0.000000
0.700854	0.214387	0.000000
0.738151	0.241599	0.000000
0.775448	0.268812	0.000000
0.817663	0.250118	0.000000
0.822582	0.204212	0.000000
0.864797	0.185518	0.000000
0.859879	0.231424	0.000000
0.897176	0.258637	0.000000
0.902094	0.21273	0.000000
0.907012	0.166824	0.000000
0.869715	0.139611	0.000000
0.874633	0.093705	0.000000
0.916849	0.0750111	0.000000
0.91193	0.120917	0.000000
0.949227	0.14813	0.000000
0.954145	0.102224	0.000000
0.959064	0.0563173	0.000000
0.921767	0.0291048	0.000000
0.879552	0.0477986	0.000000
0.842255	0.0205862	0.000000
0.804958	-0.00662634	0.000000
0.847173	-0.0253202	0.000000
0.88447	0.0018923	0.000000
0.889388	-0.044014	0.000000
0.852091	-0.0712265	0.000000
0.809876	-0.0525327	0.000000
0.772579	-0.0797452	0.000000
0.814794	-0.098439	0.000000
0.819712	-0.144345	0.000000
0.777497	-0.125652	0.000000
0.735282	-0.106958	0.000000
0.730364	-0.0610513	0.000000
0.688149	-0.0423575	0.000000
0.650852	-0.06957	0.000000
0.613555	-0.0967824	0.000000
0.65577	-0.115476	0.000000
0.693067	-0.0882638	0.000000
0.697985	-0.13417	0.000000
0.660688	-0.161383	0.000000
0.618473	-0.142689	0.000000
0.581176	-0.169901	0.000000
0.543879	-0.197114	0.000000
0.586094	-0.215808	0.000000
0.623391	-0.188595	0.000000
0.628309	-0.234501	0.000000
0.591012	-0.261714	0.000000
0.595931	-0.30762	0.000000
0.638146	-0.326314	0.000000
0.680361	-0.345008	0.000000
0.675443	-0.299102	0.000000
0.633228	-0.280408	0.000000
0.670525	-0.253195	0.000000
0.71274	-0.271889	0.000000
0.750037	-0.244677	0.000000
0.745119	-0.19877	0.000000
0.707822	-0.225983	0.000000
0.665606	-0.207289	0.000000
0.702903	-0.180076	0.000000
0.7402	-0.152864	0.000000
0.782415	-0.171558	0.000000
0.787334	-0.217464	0.000000
0.829549	-0.236158	0.000000
0.824631	-0.190252	0.000000
0.861928	-0.163039	0.000000
0.866846	-0.208946	0.000000
0.871764	-0.254852	0.000000
0.834467	-0.282064	0.000000
0.792252	-0.263371	0.000000
0.754955	-0.290583	0.000000
0.717658	-0.317796	0.000000
0.759873	-0.336489	0.000000
0.79717	-0.309277	0.000000
0.802088	-0.355183	0.000000
0.764791	-0.382396	0.000000

[ACCURACY]
1.0
