[BASEPOINT]
#       X         Y         Z
-0.400000 0.000000 0.0
-0.400000 1.400000 0.0
1.400000 1.400000  0.0
1.400000 0.400000  0.0
2.000000 0.400000  0.0
2.600000 0.400000  0.0
2.600000 0.600000  0.0
1.600000 0.600000  0.0
1.600000 2.400000  0.0
2.600000 2.400000  0.0
2.600000 2.600000  0.0
2.000000 2.600000  0.0
1.400000 2.600000  0.0
1.400000 1.600000  0.0
-0.400000 1.600000 0.0
-0.400000 3.000000 0.0
-0.400000 4.400000 0.0
0.600000 4.400000  0.0
0.600000 4.600000  0.0
-0.400000 4.600000 0.0
-0.400000 6.000000 0.0
-0.400000 7.400000 0.0
1.400000 7.400000  0.0
1.400000 6.400000  0.0
1.600000 6.400000  0.0
1.600000 7.400000  0.0
3.400000 7.400000  0.0
3.400000 6.000000  0.0
3.400000 4.600000  0.0
2.400000 4.600000  0.0
2.400000 4.400000  0.0
3.000000 4.400000  0.0
4.000000 4.400000  0.0
4.600000 4.400000  0.0
4.600000 4.600000  0.0
3.600000 4.600000  0.0
3.600000 6.000000  0.0
3.600000 7.400000  0.0
5.400000 7.400000  0.0
5.400000 6.400000  0.0
5.600000 6.400000  0.0
5.600000 7.400000  0.0
7.400000 7.400000  0.0
7.400000 6.000000  0.0
7.400000 4.600000  0.0
6.400000 4.600000  0.0
6.400000 4.400000  0.0
7.400000 4.400000  0.0
7.400000 3.000000  0.0
7.400000 1.600000  0.0
5.600000 1.600000  0.0
5.600000 2.600000  0.0
5.000000 2.600000  0.0
4.400000 2.600000  0.0
4.400000 2.400000  0.0
5.400000 2.400000  0.0
5.400000 0.600000  0.0
4.400000 0.600000  0.0
4.400000 0.400000  0.0
5.000000 0.400000  0.0
5.600000 0.400000  0.0
5.600000 1.400000  0.0
7.400000 1.400000  0.0
7.400000 0.000000  0.0

[ACCURACY]
0.1

[ADJUST_MAT]
1		0		0		0
0		1		0		0
0		0		1		0
0.4		0		0		1
