[BASEPOINT]
#       X         Y         Z
-0.100000 0.000000 0.0
-0.100000 1.100000 0.0
1.100000 1.100000  0.0
1.100000 0.100000  0.0
2.000000 0.100000  0.0
2.900000 0.100000  0.0
2.900000 0.900000  0.0
1.900000 0.900000  0.0
1.900000 2.100000  0.0
2.900000 2.100000  0.0
2.900000 2.900000  0.0
2.000000 2.900000  0.0
1.100000 2.900000  0.0
1.100000 1.900000  0.0
-0.100000 1.900000 0.0
-0.100000 3.000000 0.0
-0.100000 4.100000 0.0
0.900000 4.100000  0.0
0.900000 4.900000  0.0
-0.100000 4.900000 0.0
-0.100000 6.000000 0.0
-0.100000 7.100000 0.0
1.100000 7.100000  0.0
1.100000 6.100000  0.0
1.900000 6.100000  0.0
1.900000 7.100000  0.0
3.100000 7.100000  0.0
3.100000 6.000000  0.0
3.100000 4.900000  0.0
2.100000 4.900000  0.0
2.100000 4.100000  0.0
3.000000 4.100000  0.0
4.000000 4.100000  0.0
4.900000 4.100000  0.0
4.900000 4.900000  0.0
3.900000 4.900000  0.0
3.900000 6.000000  0.0
3.900000 7.100000  0.0
5.100000 7.100000  0.0
5.100000 6.100000  0.0
5.900000 6.100000  0.0
5.900000 7.100000  0.0
7.100000 7.100000  0.0
7.100000 6.000000  0.0
7.100000 4.900000  0.0
6.100000 4.900000  0.0
6.100000 4.100000  0.0
7.100000 4.100000  0.0
7.100000 3.000000  0.0
7.100000 1.900000  0.0
5.900000 1.900000  0.0
5.900000 2.900000  0.0
5.000000 2.900000  0.0
4.100000 2.900000  0.0
4.100000 2.100000  0.0
5.100000 2.100000  0.0
5.100000 0.900000  0.0
4.100000 0.900000  0.0
4.100000 0.100000  0.0
5.000000 0.100000  0.0
5.900000 0.100000  0.0
5.900000 1.100000  0.0
7.100000 1.100000  0.0
7.100000 0.000000  0.0

[ACCURACY]
0.1

[ADJUST_MAT]
1		0		0		0
0		1		0		0
0		0		1		0
0.1		0		0		1
