[BASEPOINT]
#       X         Y         Z
0.300000 0.000000  0.0
0.300000 0.700000  0.0
0.700000 0.700000  0.0
0.700000 -0.300000 0.0 
2.000000 -0.300000 0.0 
3.300000 -0.300000 0.0 
3.300000 1.300000  0.0
2.300000 1.300000  0.0
2.300000 1.700000  0.0
3.300000 1.700000  0.0
3.300000 3.300000  0.0
2.000000 3.300000  0.0
0.700000 3.300000  0.0
0.700000 2.300000  0.0
0.300000 2.300000  0.0
0.300000 3.000000  0.0
0.300000 3.700000  0.0
1.300000 3.700000  0.0
1.300000 5.300000  0.0
0.300000 5.300000  0.0
0.300000 6.000000  0.0
0.300000 6.700000  0.0
0.700000 6.700000  0.0
0.700000 5.700000  0.0
2.300000 5.700000  0.0
2.300000 6.700000  0.0
2.700000 6.700000  0.0
2.700000 6.000000  0.0
2.700000 5.300000  0.0
1.700000 5.300000  0.0
1.700000 3.700000  0.0
3.000000 3.700000  0.0
4.000000 3.700000  0.0
5.300000 3.700000  0.0
5.300000 5.300000  0.0
4.300000 5.300000  0.0
4.300000 6.000000  0.0
4.300000 6.700000  0.0
4.700000 6.700000  0.0
4.700000 5.700000  0.0
6.300000 5.700000  0.0
6.300000 6.700000  0.0
6.700000 6.700000  0.0
6.700000 6.000000  0.0
6.700000 5.300000  0.0
5.700000 5.300000  0.0
5.700000 3.700000  0.0
6.700000 3.700000  0.0
6.700000 3.000000  0.0
6.700000 2.300000  0.0
6.300000 2.300000  0.0
6.300000 3.300000  0.0
5.000000 3.300000  0.0
3.700000 3.300000  0.0
3.700000 1.700000  0.0
4.700000 1.700000  0.0
4.700000 1.300000  0.0
3.700000 1.300000  0.0
3.700000 -0.300000 0.0 
5.000000 -0.300000 0.0 
6.300000 -0.300000 0.0 
6.300000 0.700000  0.0
6.700000 0.700000  0.0
6.700000 0.000000  0.0

[ACCURACY]
0.1

[ADJUST_MAT]
1		0		0		0
0		1		0		0
0		0		1		0
-0.3	0		0		1
