[BASEPOINT]
#       X         Y         Z
 0.0       0.0      -0.755
 0.274244 -0.0450186 -0.707906
 0.519786 -0.0885042 -0.570178
 0.708698 -0.128976 -0.35289
 0.815449 -0.165055 -0.0755625
 0.819816 -0.195514  0.233258
 0.710869 -0.219315  0.536823
 0.491136 -0.235647  0.793212
 0.179596 -0.243955  0.960752
-0.187903 -0.243955  1.00519
-0.561728 -0.235647  0.907222
-0.885165 -0.219315  0.668446
-1.10383 -0.195514  0.314068
-1.17602 -0.165055 -0.108974
-1.08163 -0.128976 -0.538587
-0.827605 -0.0885042 -0.90784
-0.448239 -0.0450186 -1.15704
 0.0       0.0      -1.245
 0.448239  0.0450186 -1.15704
 0.827605  0.0885042 -0.90784
 1.08163  0.128976 -0.538587
 1.17602  0.165055 -0.108974
 1.10383  0.195514  0.314068
 0.885165  0.219315  0.668446
 0.561728  0.235647  0.907222
 0.187903  0.243955  1.00519
-0.179596  0.243955  0.960752
-0.491136  0.235647  0.793212
-0.710869  0.219315  0.536823
-0.819816  0.195514  0.233258
-0.815449  0.165055 -0.0755625
-0.708698  0.128976 -0.35289
-0.519786  0.0885042 -0.570178
-0.274244  0.0450186 -0.707906
 0.0       0.0      -0.755

[ACCURACY]
0.5

[ADJUST_MAT]
1		0		0		0
0		1		0		0
0		0		1		0
0		0		0		1
