[BASEPOINT]
#       X         Y         Z
 2.88268  0  0.92388
 2.57378  0.746766  0.983681
 2.08568  1.32155  0.999523
 1.49616  1.69344  0.970698
 0.880168  1.86362  0.898493
 0.297681  1.85825  0.786136
-0.213253  1.71731  0.638647
-0.637114  1.48232  0.462618
-0.97574  1.18627  0.265915
-1.23929  0.847991  0.0573291
-1.43625  0.472276 -0.153819
-1.56534  0.0552775 -0.358093
-1.61196 -0.406611 -0.546365
-1.55009 -0.907145 -0.71022
-1.34948 -1.42289 -0.842336
-0.986282 -1.91061 -0.936809
-0.454323 -2.31067 -0.989418
 0.22616 -2.55615 -0.997811
 1.00492 -2.58602 -0.961612
 1.80481 -2.35925 -0.882441
 2.53158 -1.86675 -0.763834
 3.08861 -1.1379 -0.611092
 3.39386 -0.239997 -0.431042
 3.39518  0.730023 -0.231729
 3.08103  1.65998 -0.02206
 2.48382  2.44036  0.188595
 1.67526  2.98213  0.390821
 0.754569  3.2308  0.575583
-0.168216  3.17402  0.734622
-0.990192  2.84129  0.860832
-1.63131  2.29605  0.948572
-2.04474  1.62221  0.993922
-2.22013  0.908152  0.994855
-2.17954  0.231672  0.951329
-1.96768 -0.350935  0.865289
-1.63892 -0.809724  0.740581
-1.24462 -1.13936  0.582777
-0.823548 -1.35193  0.398929
-0.39763 -1.4667  0.197254
 0.0264743 -1.49985 -0.0132367
 0.450789 -1.45707 -0.223135
 0.876732 -1.33111 -0.423063
 1.29601 -1.10492 -0.604084
 1.68456 -0.759534 -0.758109
 2.00169 -0.284522 -0.878255
 2.19505  0.312007 -0.959153
 2.21074  0.996777 -0.997188
 2.00621  1.71041 -0.99066
 1.56301  2.37307 -0.93986
 0.895984  2.89607 -0.847059
 0.0564343  3.19719 -0.716405
-0.87203  3.21658 -0.553735
-1.78468  2.92971 -0.366319
-2.57182  2.35432 -0.162533
-3.13686  1.5498  0.0485168
-3.41246  0.608611  0.257398
-3.37161 -0.358382  0.454777
-3.0313 -1.23997  0.631832
-2.4481 -1.94222  0.780651
-1.7068 -2.4023  0.894584
-0.90462 -2.59575  0.968539
-0.13441 -2.53614  0.999212
 0.529641 -2.26774  0.98523
 1.04101 -1.8531  0.927221
 1.38308 -1.35888  0.827774
 1.5648 -0.843075  0.691336
 1.61145 -0.34649  0.524003
 1.55328  0.109841  0.333252
 1.41519  0.521381  0.127609
 1.2101  0.892307 -0.0837365
 0.937749  1.22583 -0.29134
 0.588952  1.51559 -0.485924
 0.154027  1.74087 -0.658793
-0.367133  1.86722 -0.802221
-0.95637  1.85267 -0.909799
-1.57273  1.65829 -0.976719
-2.15386  1.26049 -0.99999
-2.62371  0.661822 -0.978574
-2.90519 -0.102592 -0.913426
-2.9353 -0.965207 -0.807458
-2.67929 -1.83331 -0.665406
-2.14057 -2.60244 -0.493618
-1.36392 -3.17331 -0.299771
-0.430782 -3.46907 -0.0925268
 0.5525 -3.44894  0.118852
 1.47153 -3.11573  0.324919
 2.22223 -2.51525  0.516466
 2.72722 -1.72805  0.684933
 2.94681 -0.855001  0.822791
 2.88268 -2.82422e-15  0.92388

[ACCURACY]
0.5

#AXIS_X  D_ANG(-90)
[ADJUST_MAT]
1	0	0	0
0	0	-1	0
0	1	0	0
0	0	0	1
