8

4 34 36

20 20 20 20 

14 15 16 0 0 0 0 0 0	14 16 48 0 0 0 0 0 0	14 17 48 0 0 0 0 0 0	14 18 48 0 0 0 0 0 0	14 19 48 0 0 0 0 0 0	14 20 16 0 0 0 0 0 0	15 15 24 0 0 0 0 0 0	15 20 18 0 0 0 0 0 0	16 15 24 0 0 0 0 0 0	16 20 18 0 0 0 0 0 0	17 15 24 0 0 0 0 0 0	17 20 18 0 0 0 0 0 0	18 15 24 0 0 0 0 0 0	18 20 18 0 0 0 0 0 0	19 15 16 0 0 0 0 0 0	19 16 20 0 0 0 0 0 0	19 17 20 0 0 0 0 0 0	19 18 20 0 0 0 0 0 0	19 19 20 0 0 0 0 0 0	19 20 16 0 0 0 0 0 0	
14 15 0 0 0 0 0 0 0	14 16 32 0 0 0 0 0 0	14 17 32 0 0 0 0 0 0	14 18 32 0 0 0 0 0 0	14 19 32 0 0 0 0 0 0	14 20 0 0 0 0 0 0 0	15 15 8 0 0 0 0 0 0	15 20 2 0 0 0 0 0 0	16 15 8 0 0 0 0 0 0	16 20 2 0 0 0 0 0 0	17 15 8 0 0 0 0 0 0	17 20 2 0 0 0 0 0 0	18 15 8 0 0 0 0 0 0	18 20 2 0 0 0 0 0 0	19 15 0 0 0 0 0 0 0	19 16 4 0 0 0 0 0 0	19 17 4 0 0 0 0 0 0	19 18 4 0 0 0 0 0 0	19 19 4 0 0 0 0 0 0	19 20 0 0 0 0 0 0 0	
14 15 0 0 0 0 0 0 0	14 16 32 0 0 0 0 0 0	14 17 32 0 0 0 0 0 0	14 18 32 0 0 0 0 0 0	14 19 32 0 0 0 0 0 0	14 20 0 0 0 0 0 0 0	15 15 8 0 0 0 0 0 0	15 20 2 0 0 0 0 0 0	16 15 8 0 0 0 0 0 0	16 20 2 0 0 0 0 0 0	17 15 8 0 0 0 0 0 0	17 20 2 0 0 0 0 0 0	18 15 8 0 0 0 0 0 0	18 20 2 0 0 0 0 0 0	19 15 0 0 0 0 0 0 0	19 16 4 0 0 0 0 0 0	19 17 4 0 0 0 0 0 0	19 18 4 0 0 0 0 0 0	19 19 4 0 0 0 0 0 0	19 20 0 0 0 0 0 0 0	
14 15 1 1 16 15 1 4 1	14 16 33 1 1 15 20 4 1	14 17 33 0 0 0 0 0 0	14 18 33 0 0 0 0 0 0	14 19 33 0 0 0 0 0 0	14 20 1 0 0 0 0 0 0	15 15 9 1 16 1 1 4 19	15 20 3 1 1 1 16 4 19	16 15 9 0 0 0 0 0 0	16 20 3 0 0 0 0 0 0	17 15 9 0 0 0 0 0 0	17 20 3 0 0 0 0 0 0	18 15 9 0 0 0 0 0 0	18 20 3 0 0 0 0 0 0	19 15 1 0 0 0 0 0 0	19 16 5 1 1 1 20 4 15	19 17 5 0 0 0 0 0 0	19 18 5 0 0 0 0 0 0	19 19 5 0 0 0 0 0 0	19 20 1 0 0 0 0 0 0	
