8

4 34 36

49 53 57 55 

9 10 16 0 0 0 0 0 0	9 11 48 0 0 0 0 0 0	9 12 48 0 0 0 0 0 0	9 13 48 0 0 0 0 0 0	9 14 48 0 0 0 0 0 0	9 15 16 0 0 0 0 0 0	9 16 48 0 0 0 0 0 0	9 17 48 0 0 0 0 0 0	9 18 48 0 0 0 0 0 0	9 19 48 0 0 0 0 0 0	9 20 16 0 0 0 0 0 0	10 10 24 0 0 0 0 0 0	10 15 26 1 1 1 1 1 5	10 20 18 0 0 0 0 0 0	11 10 24 0 0 0 0 0 0	11 15 26 0 0 0 0 0 0	11 20 18 0 0 0 0 0 0	12 10 24 0 0 0 0 0 0	12 15 26 0 0 0 0 0 0	12 20 18 0 0 0 0 0 0	13 10 24 0 0 0 0 0 0	13 15 26 0 0 0 0 0 0	13 20 18 0 0 0 0 0 0	14 10 16 0 0 0 0 0 0	14 11 53 1 1 1 5 1 1	14 12 53 0 0 0 0 0 0	14 13 53 0 0 0 0 0 0	14 14 53 0 0 0 0 0 0	14 15 56 0 0 0 0 0 0	14 20 18 0 0 0 0 0 0	15 10 24 0 0 0 0 0 0	15 20 18 0 0 0 0 0 0	16 10 24 0 0 0 0 0 0	16 20 18 0 0 0 0 0 0	17 10 24 0 0 0 0 0 0	17 20 18 0 0 0 0 0 0	18 10 24 0 0 0 0 0 0	18 20 18 0 0 0 0 0 0	19 10 16 0 0 0 0 0 0	19 11 20 0 0 0 0 0 0	19 12 20 0 0 0 0 0 0	19 13 20 0 0 0 0 0 0	19 14 20 0 0 0 0 0 0	19 15 20 0 0 0 0 0 0	19 16 20 0 0 0 0 0 0	19 17 20 0 0 0 0 0 0	19 18 20 0 0 0 0 0 0	19 19 20 0 0 0 0 0 0	19 20 16 0 0 0 0 0 0	
9 10 0 0 0 0 0 0 0	9 11 32 0 0 0 0 0 0	9 12 32 0 0 0 0 0 0	9 13 32 0 0 0 0 0 0	9 14 32 0 0 0 0 0 0	9 15 0 0 0 0 0 0 0	9 16 32 0 0 0 0 0 0	9 17 32 0 0 0 0 0 0	9 18 32 0 0 0 0 0 0	9 19 32 0 0 0 0 0 0	9 20 0 0 0 0 0 0 0	10 10 8 0 0 0 0 0 0	10 15 10 0 0 0 0 0 0	10 20 2 0 0 0 0 0 0	11 10 8 0 0 0 0 0 0	11 15 10 0 0 0 0 0 0	11 20 2 0 0 0 0 0 0	12 10 8 0 0 0 0 0 0	12 15 10 0 0 0 0 0 0	12 20 2 0 0 0 0 0 0	13 10 8 0 0 0 0 0 0	13 15 10 0 0 0 0 0 0	13 20 2 0 0 0 0 0 0	14 10 8 0 0 0 0 0 0	14 15 2 0 0 0 0 0 0	14 16 52 1 1 1 20 1 1	14 17 52 0 0 0 0 0 0	14 18 52 0 0 0 0 0 0	14 19 52 0 0 0 0 0 0	14 20 0 0 0 0 0 0 0	15 10 8 0 0 0 0 0 0	15 15 26 0 0 0 0 0 0	15 20 2 0 0 0 0 0 0	16 10 8 0 0 0 0 0 0	16 15 26 0 0 0 0 0 0	16 20 2 0 0 0 0 0 0	17 10 8 0 0 0 0 0 0	17 15 26 0 0 0 0 0 0	17 20 2 0 0 0 0 0 0	18 10 8 0 0 0 0 0 0	18 15 26 0 0 0 0 0 0	18 20 2 0 0 0 0 0 0	19 10 0 0 0 0 0 0 0	19 11 4 0 0 0 0 0 0	19 12 4 0 0 0 0 0 0	19 13 4 0 0 0 0 0 0	19 14 4 0 0 0 0 0 0	19 15 0 0 0 0 0 0 0	19 16 4 0 0 0 0 0 0	19 17 4 0 0 0 0 0 0	19 18 4 0 0 0 0 0 0	19 19 4 0 0 0 0 0 0	19 20 0 0 0 0 0 0 0	
9 10 0 0 0 0 0 0 0	9 11 32 0 0 0 0 0 0	9 12 32 0 0 0 0 0 0	9 13 32 0 0 0 0 0 0	9 14 32 0 0 0 0 0 0	9 15 0 0 0 0 0 0 0	9 16 32 0 0 0 0 0 0	9 17 32 0 0 0 0 0 0	9 18 32 0 0 0 0 0 0	9 19 32 0 0 0 0 0 0	9 20 0 0 0 0 0 0 0	10 10 8 0 0 0 0 0 0	10 15 10 1 1 1 1 2 24	10 20 2 0 0 0 0 0 0	11 10 8 0 0 0 0 0 0	11 15 10 0 0 0 0 0 0	11 20 2 0 0 0 0 0 0	12 10 8 0 0 0 0 0 0	12 15 10 0 0 0 0 0 0	12 20 2 0 0 0 0 0 0	13 10 8 0 0 0 0 0 0	13 15 10 0 0 0 0 0 0	13 20 2 0 0 0 0 0 0	14 10 0 0 0 0 0 0 0	14 11 52 0 0 0 0 0 0	14 12 52 0 0 0 0 0 0	14 13 52 0 0 0 0 0 0	14 14 52 0 0 0 0 0 0	14 15 0 0 0 0 0 0 0	14 16 36 0 0 0 0 0 0	14 17 36 0 0 0 0 0 0	14 18 36 0 0 0 0 0 0	14 19 36 0 0 0 0 0 0	14 20 0 0 0 0 0 0 0	15 10 8 0 0 0 0 0 0	15 15 10 0 0 0 0 0 0	15 20 2 0 0 0 0 0 0	16 10 8 0 0 0 0 0 0	16 15 11 0 0 0 0 0 0	16 20 2 0 0 0 0 0 0	17 10 8 0 0 0 0 0 0	17 15 11 0 0 0 0 0 0	17 20 2 0 0 0 0 0 0	18 10 8 0 0 0 0 0 0	18 15 10 0 0 0 0 0 0	18 20 2 0 0 0 0 0 0	19 10 0 0 0 0 0 0 0	19 11 4 0 0 0 0 0 0	19 12 4 0 0 0 0 0 0	19 13 4 0 0 0 0 0 0	19 14 4 0 0 0 0 0 0	19 15 0 0 0 0 0 0 0	19 16 4 0 0 0 0 0 0	19 17 4 0 0 0 0 0 0	19 18 4 0 0 0 0 0 0	19 19 4 0 0 0 0 0 0	19 20 0 0 0 0 0 0 0	
9 10 1 1 11 10 1 4 1	9 11 33 1 1 10 25 4 1	9 12 33 0 0 0 0 0 0	9 13 33 0 0 0 0 0 0	9 14 33 0 0 0 0 0 0	9 15 1 0 0 0 0 0 0	9 16 33 0 0 0 0 0 0	9 17 33 0 0 0 0 0 0	9 18 33 0 0 0 0 0 0	9 19 33 0 0 0 0 0 0	9 20 1 0 0 0 0 0 0	10 10 9 1 11 1 1 4 24	10 15 11 1 1 1 1 1 6	10 20 3 1 1 1 16 4 24	11 10 9 0 0 0 0 0 0	11 15 11 0 0 0 0 0 0	11 20 3 0 0 0 0 0 0	12 10 9 0 0 0 0 0 0	12 15 11 0 0 0 0 0 0	12 20 3 0 0 0 0 0 0	13 10 9 0 0 0 0 0 0	13 15 11 0 0 0 0 0 0	13 20 3 0 0 0 0 0 0	14 10 1 0 0 0 0 0 0	14 11 37 1 1 1 25 2 1	14 12 37 0 0 0 0 0 0	14 13 37 0 0 0 0 0 0	14 14 37 0 0 0 0 0 0	14 15 1 0 0 0 0 0 0	14 16 37 0 0 0 0 0 0	14 17 37 0 0 0 0 0 0	14 18 37 0 0 0 0 0 0	14 19 37 0 0 0 0 0 0	14 20 1 0 0 0 0 0 0	15 10 9 0 0 0 0 0 0	15 15 43 0 0 0 0 0 0	15 20 3 0 0 0 0 0 0	16 10 9 0 0 0 0 0 0	16 20 3 0 0 0 0 0 0	17 10 9 0 0 0 0 0 0	17 20 3 0 0 0 0 0 0	18 10 9 0 0 0 0 0 0	18 15 15 1 1 1 1 1 16	18 20 3 0 0 0 0 0 0	19 10 1 0 0 0 0 0 0	19 11 5 1 1 1 25 4 15	19 12 5 0 0 0 0 0 0	19 13 5 0 0 0 0 0 0	19 14 5 0 0 0 0 0 0	19 15 1 0 0 0 0 0 0	19 16 5 0 0 0 0 0 0	19 17 5 0 0 0 0 0 0	19 18 5 0 0 0 0 0 0	19 19 5 0 0 0 0 0 0	19 20 1 0 0 0 0 0 0	
